1 38 11 6
2 118063 3 9
3 5096 0 3
4 2116 23 21
7 6 3 2
8 871 1 2
9 65 0 2
10 58 0 1
11 3457 0 2
12 417 0 0
13 27174 0 0
14 26 3 2
15 934 0 0
16 1444 5 4
19 101 0 0
22 31 0 0
23 257 0 0
24 1 1 1
25 446 1 0
26 26 0 0
27 141 0 0
28 439 0 0
30 18 0 0
31 72 0 0
32 100 2 6
33 65 0 4
37 14 0 2
38 454 10 3
39 75 4 1
40 468 0 0
41 6 0 0
43 1 0 0
44 663 0 1
46 59 0 0
47 132572 422 1378
48 29 20 39
49 39 24 138
50 702 52 62
51 9 17 52
52 56 6 17
53 93 46 53
54 153 3 19
55 1531 4 21
56 89 5 17
57 74 27 31
58 34 0 7
59 4 3 8
60 0 0 4
61 14 8 6
62 31 0 7
64 0 6 3
65 13859 1 4
66 155 20 17
67 0 2 5
68 25 0 1
69 95 13 9
71 2 17 46
72 89 3 2
73 29 17 5
74 26 0 4
75 19229 1 9
76 427 0 6
77 15 15 16
78 80 13 25
79 39 466 82
80 18 0 2
81 10 0 1
82 556 0 2
83 67 0 0
85 1 0 0
86 4 69 53
87 638 5 14
88 32 8 5
89 212 3 2
90 287 1 1
91 2 5 4
92 1574 184 25
93 327 5 5
94 2 31 2
95 31479 200 47
97 77 2 0
98 9 0 3
99 0 2 2
100 0 0 1
101 27 3 0
102 1 0 0
103 606 383 815
105 69 117 106
106 3762 10 68
107 0 107 124
108 37013 122 1065
109 23 65 283
110 266 32 69
111 399446 110 81
112 1713 5 44
116 20 55 2339
118 345 158 775
122 60 81 279
124 38 54 431
126 2292 29 277
128 10076 27 216
131 20 494 767
133 139 22 205
135 4259 100 292
136 200 30 184
137 191 14 127
139 20 14 90
140 621 2 239
141 1241 15 133
142 119 26 226
143 3 9 85
145 432 4 105
146 176 2 125
147 94 0 70
150 87927 51 143
151 1049 7 79
154 10131 30 219
155 301 6 77
159 19 9 59
160 4749 13 87
162 92 4 98
163 2459 4 71
164 2 1 62
165 249 1 30
167 655 1 40
169 69251 7 25
172 209 2 67
173 114 1 93
174 509 4 99
176 726 14 32
177 274 0 0
179 509 74 720
180 26617 25 228
181 16476 42 74
183 1071 0 1
184 235 0 0
185 25027 0 0
186 13 1 0
187 832 0 1
188 185 0 9
189 837 0 3
190 2135 0 2
191 43 0 1
192 24 1 5
193 4 0 1
194 380460 23 88
195 34429 5 20
196 769 2 25
197 1056774 2 40
198 688 0 9
199 13859 1 5
200 58050 0 0
201 26617 0 1
202 14833 1 3
203 6132 0 1
204 832 0 0
205 444 0 0
207 9 1 1
208 90 0 2
210 105561 0 2
211 100 13 3
212 59 0 1
214 45961 4 12
215 246 0 5
216 197 0 5
217 14 3 3
218 64 0 0
219 202 0 0
221 1 0 0
222 246 248 263
223 17 18 86
224 301 22 60
225 29 0 16
227 301 15 50
228 294 5 9
230 19 2 6
231 585 10 22
233 2 2 14
234 573 18 8
235 0 7 9
236 118194 0 18
237 236 0 2
238 2 0 4
242 1883 3 3
243 890 0 3
244 27 0 1
245 10483 2 19
246 2702 8 34
247 364 0 2
249 7211 20 12
250 665 4 3
254 6 3 3
256 1683 137 576
257 226168 18 203
258 32075 4 38
259 81 46 222
260 25771 0 3
261 5 1 3
262 1 0 0
263 4 36 37
264 30157 11 27
265 49 0 6
266 58050 6 23
267 44 1 12
268 303 7 8
269 2 8 6
270 725 4 31
271 7 11 2
272 0 0 2
273 13 0 2
274 0 4 1
275 0 0 0
276 86 2 0
277 938 14 19
278 226168 0 4
279 58050 0 0
280 8 1 1
281 67 0 2
282 53 0 0
283 5 0 0
284 326 51 81
285 226168 1 11
286 41815 4 11
287 58050 9 17
288 125 8 20
290 4743 39 376
291 45961 96 737
293 3445 39 342
294 4530 34 153
295 31770 218 761
296 46414 0 34
297 10797 9 10
298 265 9 63
299 444 59 47
303 13859 22 22
304 21648 74 242
305 40440 4 15
306 24106 1 8
307 10196 2 65
308 347859 0 6
309 3284 6 25
310 8040 0 4
311 841284 0 2
312 16338 2 5
313 5752 7 22
314 6132 3 10
315 21 0 1
317 23 0 1
318 425 0 1
319 1 0 4
320 0 0 0
321 1056774 18 107
322 217 14 19
323 13859 0 5
324 226168 0 10
325 10797 4 14
326 3871 0 4
327 569887 0 11
328 1454 1 5
329 3888 0 2
331 2702 0 14
332 3379 0 8
335 1738 0 28
336 9 0 5
337 1 0 3
338 10 2 0
339 21 0 1
340 158 0 0
341 3 0 0
342 17 0 0
343 26 68 851
344 4041 119 313
345 1056774 62 343
346 2626 733 1882
348 130335 38 117
349 15329 7 53
350 49 30 73
351 3266 27 208
352 1796 3 52
353 1254 11 89
354 249 0 211
355 366 44 114
358 788 6 30
359 10132 20 140
360 436599 13 53
362 51 10 55
363 6132 0 9
364 875 60 89
365 30 5 100
366 744 18 85
367 24653 18 38
368 114 9 49
369 84 29 14
370 8679 10 43
371 957 22 68
373 573 6 22
375 6 29 59
376 867 0 7
378 246 188 241
379 25410 160 348
380 28824 15 41
381 99 7 9
382 2 0 3
383 0 16 46
384 12 0 17
388 0 0 0
389 8 0 0
390 1007 0 0
391 4 0 0
392 19 0 1
393 6 0 0
396 58050 0 2
398 12518 51 2
399 898 6 3
400 2 0 1
401 593 4 1
402 506 4 7
404 7 7 4
407 53 0 1
408 82 0 1
410 1792 0 0
411 211 0 0
412 91 1 0
413 26 6 4
414 251 1 0
415 0 16 2
416 163 0 0
417 29 7 1469
418 166 62 684
419 516 70 646
421 5096 13 804
423 501 129 1116
424 2702 112 1960
425 1723243 78 762
426 10749 65 118
427 1120 495 8855
428 11492 0 318
430 6530 16 75
434 2514 35 642
435 94 17 123
436 391 49 582
437 1717 14 73
440 6115 0 90
444 55 0 65
447 23 4 16
449 8933 7 60
450 16 0 29
451 9 5 21
452 463 13 40
453 27371 103 838
455 5174 31 110
456 25 328 75
457 249 0 50
458 537 1 12
459 103 0 3
460 149 0 5
461 1038 2 7
462 10 0 9
463 1056774 16 46
464 431 5 10
465 840 56 215
466 531 2 32
467 4529 5 59
468 362 17 110
471 189 1 4
472 0 19 5
473 177 0 0
474 0 1 0
475 1201 0 0
476 391 0 1
477 68 6 25
478 195 1 11
479 274 0 3
480 128 8 7
481 32 0 1
482 51 0 0
483 58050 4 4
484 163 0 0
486 3 0 0
487 285 5 0
488 651 0 3
491 26617 1 3
492 1668 0 16
493 3278 0 9
494 16682 0 13
495 3871 0 4
496 3669 0 0
498 2257 0 0
499 758 0 6
500 32 0 1
502 4 0 0
503 190 0 1
505 0 0 0
506 1 0 0
507 0 0 0
508 0 0 0
510 0 0 0
512 115 0 0
513 38 0 0
515 19 0 0
516 2 0 0
517 1796 6 24
518 42 23 28
519 1254 12 6
520 58050 0 1
521 25002 0 3
522 832 0 0
523 36 0 3
524 49 0 8
525 22 0 1
526 42 2 3
527 2 0 0
528 1 0 0
529 0 0 0
530 23 0 1
531 323 0 1
532 6 0 1
533 0 0 0
534 20013 19 74
536 58050 0 1
538 25468 0 2
540 3146 0 0
541 14833 2 5
542 96 1 1
543 832 0 0
545 114 10 198
547 169463 11 95
548 2626 62 181
549 15 3 47
550 621 42 111
551 399476 3 56
553 197 14 20
555 13859 0 12
556 9006 1 2
557 74326 4 42
558 58050 5 20
559 1 4 16
560 7 0 10
561 16 2 8
562 33145 2 18
563 199 1 9
564 0 0 10
565 125290 4 12
566 517 5 21
567 304017 0 3
568 0 0 0
569 78 3 20
570 1 2 11
571 15329 1 6
573 51 0 1
574 282 0 1
575 2340 3 1
576 1 0 2
577 0 0 1
578 9 0 1
579 1108 187 300
580 20 93 131
581 2702 247 128
582 36 21 65
583 621 74 81
584 443 28 102
586 90079 4 11
587 196 53 37
588 5 9 23
589 1209 20 27
591 32 13 12
592 242 0 4
595 1792 7 7
597 13859 6 8
598 1975 13 34
599 58050 0 3
600 16287 1 34
601 4333 40 6
602 7 226 35
603 2 2 14
605 1166 0 11
606 3 0 0
607 7 0 0
608 0 0 0
609 3889 0 1
610 3871 0 0
611 1322 0 0
612 1827 0 3
613 2362 0 0
615 33 0 0
616 145 0 3
617 41 0 2
618 0 0 0
619 115 0 0
620 1041 0 0
621 7 0 0
622 40 0 0
624 8 0 0
625 0 0 0
626 1 0 0
627 265 0 0
628 0 0 0
629 6 0 0
630 281 0 1
631 1270 0 0
632 0 0 0
633 182 0 0
634 2 0 0
635 19 0 0
636 97 64 227
638 2702 47 183
639 118063 18 80
640 430 85 69
642 1001 48 71
644 18 13 16
645 452 66 46
646 82 40 8
647 3445 3 6
648 1209 12 26
650 1049 18 21
653 1269 41 20
654 6132 10 4
655 564 4 7
656 26617 8 7
657 653 0 1
660 1092 0 2
661 417 3 13
662 149 0 6
664 45964 2 23
666 15061 0 1
667 378 1 8
668 383 0 6
669 150 21 86
671 65 17 12
672 28 1 8
673 17420 0 4
675 11281 0 1
676 219 0 4
677 24 2 6
678 0 0 0
679 2 0 0
680 2 12 22
681 725 0 4
682 18 0 2
683 418 0 0
684 1 2 1
685 431 1 1
686 3139 1 2
687 711 0 0
688 232 0 3
690 28 0 2
691 2 0 2
692 11 0 1
693 25 0 0
695 95 0 0
696 9 0 0
697 67 0 0
698 65 0 0
699 837 0 1
700 56 0 1
701 3 0 1
702 3559 0 0
703 2166 0 1
704 9 0 0
705 1238 0 1
706 574 0 1
707 11 0 0
712 5 65 1113
713 1192 48 335
714 199 264 3726
715 14 12 707
716 1398 3 121
717 1120 25 79
718 489 3 295
719 1410 16 252
720 45 63 127
721 1857 32 106
722 118063 2 29
724 70 3 12
727 1630 31 65
728 44 1 32
731 112 2 30
732 10243 12 98
733 10049 9 81
735 2464 6 38
736 550 0 2
737 8 13 42
738 246 0 7
739 863 22 49
741 59965 10 6
743 4041 0 8
744 58050 0 2
745 10 6 24
746 21 0 33
748 16 4 3
749 78790 2 174
750 535 0 9
751 664 13 25
753 49 9 28
754 115 0 11
755 21 0 1
756 26 0 0
757 30 5 4
758 37 0 0
759 166 0 1
760 0 0 0
761 1 0 0
762 21 5 0
763 96 0 0
766 3 0 1
767 8 0 1
768 3 0 0
769 5 0 0
770 145 0 2
771 52 0 1
772 441 253 284
773 10483 40 101
776 335 3 28
777 3446 116 579
778 130336 24 185
779 8678 3 11
782 74328 15 32
785 96 6 99
787 313 0 14
788 194 0 102
789 4530 49 151
790 118064 62 206
791 506 4 38
794 53533 2 16
795 13193 21 164
799 769 4 13
800 841304 1 12
801 147744 52 718
803 19495 140 2922
805 10767 31 312
806 226172 2 98
807 1056774 38 85
809 827182 8 87
810 45962 13 123
811 4530 1 45
812 1209 0 1
813 5 0 0
814 2664 0 2
815 25007 10 20
816 427 0 4
817 1285 0 1
818 2 0 0
819 1201 0 0
820 33979 16 152
821 43968 8 84
822 226172 0 2
825 58051 0 1
826 1056774 4 28
827 11 0 1
828 32 0 0
829 47 0 2
833 0 0 0
835 1796 10 37
836 20 1 14
839 573 43 9
840 1228 0 11
841 406 1 2
842 136 2 2
843 27370 0 5
844 529 0 1
845 13 0 1
848 2022 1 0
849 33375 0 2
850 163 0 1
851 186 0 0
854 22 0 0
855 225238 7 72
857 415 45 67
858 63611 0 7
859 3969 8 13
860 133846 2 11
861 525 0 5
862 31280 9 28
863 417138 3 48
864 45482 1 19
865 226172 3 47
867 1 1 4
868 118871 5 14
870 2 0 0
871 11562 0 5
872 27 0 3
873 2 0 2
874 0 0 1
876 35 0 1
877 12403 0 1
878 96 0 0
879 55 0 0
880 2 7 2
881 16 21 70
882 133 5 35
885 170 0 4
887 26 0 1
888 20273 0 10
889 535 2 17
892 0 0 3
894 0 1 0
895 6132 0 4
896 58051 0 0
897 688 0 6
898 11075 7 38
900 2387 0 1
901 300 0 7
902 85 1 0
903 99 19 16
904 30 0 3
905 3446 0 5
906 872 1 2
907 102 0 0
908 106 17 5
909 408 2 2
910 298 0 1
911 114 1 1
912 173 0 1
914 74 0 1
916 10 0 2
917 13 0 0
918 837 0 0
919 18476 54 61
920 58051 2 7
921 577 0 3
922 725 0 6
923 6202 2 31
924 1 0 2
925 10260 22 288
926 23 19 51
927 90279 26 245
928 226172 1 5
930 6 10 14
931 37 0 15
933 184 0 0
934 159299 4 29
935 506 3 12
936 3 0 3
937 2 0 1
939 49 0 7
940 16 4 4
941 5 0 3
943 1050 1 1
944 79 0 0
945 8 0 0
946 1001 0 0
947 226172 1 21
948 11993 1 7
949 114 0 1
950 418 0 0
951 3 1 0
952 219 0 1
953 37 2 0
954 78 0 3
955 33 0 0
956 336 281 1851
957 0 61 108
958 847 17 53
959 975 0 16
960 0 3 13
962 3 3 22
963 13 0 0
964 38105 556 3856
965 14005 11 244
966 10042 0 24
967 2581 56 205
968 175907 31 109
969 534 4 74
970 13130 0 6
971 23435 5 18
972 11815 16 32
973 119 15 79
975 58051 0 0
976 10598 1 4
977 82 0 4
978 462 0 3
979 32 1 2
980 163 0 0
981 837 9 10
983 364 0 2
984 116 0 1
985 574 0 3
986 198 0 0
987 13 0 0
988 4 0 0
989 11 0 0
990 832 0 0
993 2623 0 0
994 9 0 0
995 1 0 0
996 1 0 0
997 1209 280 1042
999 246 42 106
1000 2702 9 44
1001 810 7 32
1002 58051 0 3
1004 26617 0 1
1005 226172 0 17
1006 58051 0 4
1007 26 0 1
1008 1 0 0
1009 1201 0 0
1010 67000 4 19
1011 715 0 6
1012 0 0 16
1013 1254 0 7
1015 11 0 1
1016 4212 1 2
1017 0 0 9
1018 0 2 3
1019 3 0 4
1021 2 0 4
1022 115 0 26
1023 0 0 1
1024 534 7 98
1025 17 0 3
1026 177 0 1
1027 0 1 1
1028 3 1 1
1029 2123 5 150
1030 46 0 12
1031 2 0 1
1032 115 0 3
1034 0 0 1
1035 115 0 1
1036 257 143 224
1037 16 0 8
1038 18000 18 47
1039 12000 0 7
1040 23 4 14
1041 5 1 17
1042 27 0 1
1043 903 24 35
1044 1243 2 12
1045 17 1 6
1046 0 0 1
1047 1041 0 6
1048 135 0 2
1049 4594 10 231
1050 0 2 2
1052 1238 0 2
1053 205 2 33
1054 2 0 2
1055 22 69 77
1056 58 9 16
1057 0 0 4
1058 229 11 46
1059 2 0 4
1060 1243 0 7
1061 25 0 4
