0.99 0.5 0.5 0.5 0.5 0.5 0.5 0.5 1.0
1.0 0.33 0.5 0.0 0.5 0.5 0.5 0.5 0.0
0.01 0.5 0.5 0.5 0.5 0.5 0.5 0.5 0.0
0.0 0.5 0.5 0.5 0.5 0.5 0.5 0.5 0.0
1.0 1.0 0.25 0.5 0.5 0.5 0.5 0.5 1.0
0.84 0.5 0.5 0.5 0.5 0.5 0.5 0.5 1.0
1.0 0.5 0.5 0.5 1.0 0.5 0.5 0.5 0.25
1.0 0.0 0.5 0.5 0.5 0.5 0.33 0.5 1.0
0.98 1.0 0.5 0.5 0.5 0.5 0.5 0.5 0.5
0.95 0.5 0.5 0.5 0.5 0.5 0.5 0.5 1.0
0.0 0.5 0.5 0.5 0.5 0.5 0.5 0.5 0.5
1.0 1.0 0.0 0.5 0.0 0.5 1.0 0.5 0.5
0.0 0.0 0.5 0.5 0.5 0.5 0.5 0.5 0.5
1.0 0.5 0.5 0.5 0.5 0.5 0.5 0.5 0.0
0.01 0.5 0.5 0.5 0.5 0.5 0.5 0.5 0.0
1.0 0.5 0.5 0.5 0.5 0.5 0.5 0.5 1.0
0.01 0.0 0.5 0.5 0.5 0.5 0.5 0.5 0.5
0.99 0.5 0.5 0.5 0.5 0.5 0.5 0.5 1.0
1.0 1.0 0.5 0.5 0.5 0.5 0.5 0.5 1.0
1.0 1.0 0.5 0.5 0.5 0.5 0.5 0.5 0.5
0.66 0.5 0.5 0.5 0.5 0.5 0.5 1.0 0.5
1.0 0.5 0.5 1.0 1.0 0.5 0.5 0.5 0.25
0.03 0.5 0.5 0.5 0.5 0.5 0.5 0.5 0.0
1.0 0.5 1.0 0.5 0.5 0.5 0.5 0.5 0.5
0.0 0.5 0.5 0.5 0.5 0.5 0.5 0.0 0.0
0.66 0.5 0.5 0.5 0.5 0.5 0.5 0.5 1.0
1.0 0.5 0.5 0.5 0.5 0.5 0.5 0.5 0.5
0.29 0.0 0.5 0.5 0.5 0.5 0.5 0.5 0.5
0.95 0.5 0.5 0.5 0.5 0.5 0.5 0.5 1.0
0.0 0.5 0.5 0.5 0.5 0.5 0.5 0.5 0.0
1.0 0.0 0.5 0.5 0.5 0.5 1.0 0.5 0.33
1.0 1.0 0.5 0.5 0.5 0.5 0.5 0.5 0.5
0.03 0.5 0.5 1.0 0.5 0.5 0.5 0.5 0.5
1.0 0.5 0.5 1.0 0.5 0.5 0.5 0.5 0.25
0.0 0.0 0.0 0.5 1.0 0.5 0.5 0.0 0.0
1.0 1.0 1.0 0.5 0.5 0.5 1.0 0.5 0.5
0.03 1.0 0.0 0.5 0.5 0.5 0.5 0.5 0.5
1.0 0.5 0.5 0.5 0.5 0.5 0.5 0.5 1.0
1.0 0.5 1.0 0.0 0.5 0.5 1.0 1.0 1.0
0.99 1.0 0.5 0.5 0.5 0.5 0.5 0.5 0.5
1.0 1.0 0.17 0.5 0.5 0.5 0.0 0.0 0.5
1.0 0.5 1.0 0.5 0.5 0.5 0.5 0.5 0.5
1.0 1.0 0.5 0.5 0.5 0.5 0.5 0.5 0.5
0.0 0.5 0.0 0.5 0.5 0.5 0.5 0.5 0.5
0.99 0.5 0.5 0.5 0.5 0.5 0.5 0.5 0.0
1.0 1.0 1.0 1.0 0.5 0.5 0.5 0.5 1.0
0.65 0.5 1.0 0.5 0.5 0.5 0.5 0.5 0.5
0.99 0.5 1.0 0.5 0.5 0.5 0.5 0.5 0.5
0.33 0.5 0.5 0.0 0.0 0.5 0.5 0.5 1.0
0.0 0.5 0.5 0.5 0.5 0.5 0.5 0.5 0.0
1.0 0.5 1.0 0.5 0.5 0.5 0.5 0.5 0.5
1.0 0.5 0.5 0.5 1.0 0.5 1.0 0.5 1.0
1.0 0.5 0.5 0.5 0.5 0.5 0.5 0.5 0.0
1.0 0.0 0.5 1.0 0.5 0.5 0.5 0.5 0.5
1.0 0.5 0.5 0.5 1.0 0.5 0.5 0.5 0.5
0.97 0.5 0.5 0.5 0.5 1.0 0.5 0.5 0.5
0.83 0.5 0.5 0.5 0.5 0.5 0.5 0.5 0.0
1.0 0.0 0.5 0.5 1.0 0.5 0.5 0.5 1.0
0.0 0.5 0.0 0.5 0.5 0.5 0.5 0.5 0.5
1.0 1.0 0.0 0.5 0.5 0.5 0.5 0.5 0.5
1.0 1.0 1.0 0.5 0.5 0.5 1.0 0.5 0.5
0.98 0.5 0.5 0.5 0.5 0.5 0.5 0.5 1.0
0.0 0.0 0.0 0.5 0.5 0.5 0.5 0.5 0.0
0.02 0.0 0.5 0.5 0.5 0.5 0.5 0.5 0.0
0.0 0.5 0.5 0.0 0.5 0.5 0.5 0.5 0.5
1.0 0.5 0.5 1.0 0.5 0.5 0.5 0.5 0.5
1.0 1.0 0.5 0.5 0.5 0.5 0.5 0.5 0.5
1.0 0.5 1.0 0.5 1.0 0.5 0.5 0.5 1.0
1.0 1.0 0.5 0.5 0.5 0.5 1.0 0.5 0.25
0.06 0.5 0.5 0.5 0.5 0.5 0.5 0.5 0.0
0.0 0.0 0.5 0.5 0.5 0.5 1.0 0.5 0.0
0.99 0.5 0.5 0.5 0.5 0.5 0.5 0.5 1.0
1.0 0.0 0.5 1.0 1.0 0.5 1.0 1.0 0.5
0.0 1.0 0.5 0.5 0.5 0.5 0.5 0.5 0.0
0.13 1.0 0.5 0.5 0.5 0.5 0.5 0.5 0.0
0.96 0.0 0.5 1.0 0.5 0.5 1.0 0.5 0.0
0.0 0.33 0.5 0.0 0.5 0.5 0.5 1.0 0.17
0.0 0.0 0.5 1.0 1.0 0.5 0.5 0.5 0.0
0.99 0.5 0.5 0.0 0.5 0.5 0.5 0.5 0.5
1.0 1.0 1.0 0.5 0.5 0.5 1.0 0.5 0.0
0.0 0.5 0.5 0.5 0.5 0.5 0.5 0.5 0.0
1.0 0.5 1.0 0.5 0.5 0.5 0.5 0.5 0.5
0.17 0.5 0.0 0.5 0.5 0.5 0.5 0.5 0.5
1.0 0.5 0.5 0.5 0.5 0.5 0.5 0.5 1.0
0.66 1.0 0.5 0.5 0.5 0.5 0.5 0.5 0.5
1.0 0.5 1.0 0.5 0.5 0.5 0.5 0.5 0.5
1.0 0.25 0.5 1.0 0.5 0.5 0.5 0.5 0.25
1.0 0.5 0.0 0.5 0.5 0.5 0.5 0.5 1.0
0.0 0.0 0.5 0.5 0.5 0.5 0.5 0.5 0.5
1.0 0.25 0.5 0.5 0.5 0.5 0.5 0.5 0.17
1.0 1.0 0.0 0.5 0.5 0.5 0.5 0.5 0.5
1.0 0.5 0.12 0.5 0.5 0.5 0.5 0.5 0.33
0.99 0.5 0.5 0.33 1.0 0.5 0.5 0.5 0.0
1.0 0.12 0.0 0.0 0.5 0.5 0.5 0.0 0.0
1.0 0.5 0.5 1.0 0.5 0.5 0.5 0.5 0.33
1.0 0.5 0.5 0.5 1.0 0.5 0.5 0.5 0.5
0.08 1.0 0.5 0.5 0.5 0.5 0.5 0.5 0.5
0.97 0.5 0.5 0.5 0.5 0.5 1.0 0.5 0.5
0.43 0.5 0.5 0.5 0.5 0.5 0.5 0.5 1.0
1.0 0.5 0.5 0.5 0.5 0.5 0.5 0.5 0.5
0.03 0.5 0.5 0.5 0.5 0.5 0.5 0.5 0.0
1.0 0.5 0.5 0.5 0.5 0.5 0.5 0.5 1.0
0.02 0.0 0.5 0.5 0.5 0.5 0.5 0.5 0.5
0.55 0.5 1.0 0.5 0.5 0.5 0.5 0.5 0.5
1.0 0.5 0.5 0.5 1.0 0.5 0.5 0.5 1.0
1.0 1.0 0.5 0.5 0.5 0.5 0.5 0.5 0.5
0.99 0.5 0.5 0.5 0.5 0.5 0.5 0.5 1.0
0.97 1.0 0.5 0.5 0.5 0.5 0.5 0.5 0.5
1.0 0.0 0.5 0.5 0.5 0.5 0.5 0.5 0.5
0.92 0.5 0.5 0.5 1.0 0.5 0.5 0.5 0.5
0.67 0.5 0.5 0.5 1.0 0.5 0.5 0.5 0.5
0.98 0.5 0.5 0.5 0.5 0.5 0.5 0.5 1.0
0.04 0.5 0.5 0.5 0.0 0.5 0.5 0.5 0.5
0.25 0.0 0.5 0.5 0.5 0.5 0.5 0.5 0.5
0.83 0.0 0.5 0.5 0.5 0.5 0.5 0.5 0.5
1.0 1.0 0.5 0.5 0.25 0.5 0.5 0.5 1.0
1.0 0.5 0.5 0.5 0.5 0.5 0.5 0.5 0.25
1.0 0.5 1.0 0.5 0.5 0.5 0.5 0.5 0.5
0.97 1.0 0.5 0.5 0.5 0.5 0.5 0.5 0.5
1.0 0.5 0.5 0.5 0.5 0.5 0.5 0.5 1.0
0.57 0.5 0.5 0.5 0.5 0.5 0.5 0.5 1.0
1.0 0.5 0.5 0.5 0.5 0.5 0.5 0.5 1.0
1.0 0.5 0.5 0.5 1.0 0.5 0.5 0.5 0.5
0.03 0.5 0.5 0.5 0.5 0.5 0.5 0.5 0.0
0.92 0.5 0.5 0.5 0.5 0.5 0.5 0.5 1.0
1.0 0.5 0.5 0.5 1.0 0.5 0.5 0.5 0.5
0.07 0.5 0.5 0.5 0.0 0.5 0.5 0.5 0.5
0.97 0.5 0.5 0.5 0.5 0.5 0.5 0.5 1.0
0.27 0.5 0.5 0.5 1.0 0.5 0.5 0.5 0.0
1.0 0.5 0.5 0.5 0.33 0.5 0.5 0.5 0.5
1.0 0.5 0.5 0.5 0.0 0.5 0.5 0.5 1.0
1.0 1.0 1.0 0.5 0.5 0.5 0.5 0.5 0.33
1.0 0.17 0.33 0.5 0.5 0.5 0.5 0.5 0.11
1.0 0.5 0.33 1.0 0.5 0.5 1.0 0.5 0.5
1.0 0.5 0.33 1.0 0.5 0.5 0.5 0.5 0.5
1.0 1.0 0.5 0.5 0.5 0.5 0.5 0.5 0.5
1.0 0.5 0.5 1.0 1.0 0.5 0.5 0.5 0.0
0.0 0.0 0.5 0.5 0.5 0.5 0.5 0.5 0.5
0.0 0.5 0.5 0.0 0.5 0.5 0.5 0.5 0.0
0.0 0.33 0.5 0.5 0.5 0.5 0.5 0.5 0.25
1.0 0.17 0.5 0.5 1.0 0.0 0.5 0.5 0.0
0.0 0.5 0.0 0.0 0.0 0.5 0.5 0.5 0.33
1.0 1.0 0.5 0.5 0.0 0.5 0.5 0.5 0.0
1.0 0.5 0.5 0.5 1.0 0.5 0.5 0.5 0.5
0.74 1.0 0.5 0.5 0.5 0.5 0.5 0.5 0.5
1.0 0.5 1.0 0.0 1.0 0.5 0.5 0.5 0.5
1.0 0.5 0.5 1.0 0.5 0.5 0.0 0.5 0.33
1.0 1.0 0.5 1.0 0.33 0.5 0.0 0.5 0.2
1.0 0.5 0.5 0.5 0.5 1.0 0.5 0.5 0.33
1.0 0.5 0.5 1.0 0.5 0.5 0.5 0.5 1.0
1.0 0.5 0.5 1.0 1.0 1.0 1.0 0.5 0.5
0.0 0.0 0.5 0.5 0.5 0.0 0.5 0.5 0.0
0.0 0.0 0.5 0.5 0.5 0.5 0.5 0.5 0.5
1.0 0.5 0.5 0.5 0.5 0.5 0.5 0.5 0.0
1.0 0.33 0.5 0.5 1.0 0.5 0.5 0.5 0.0
1.0 1.0 0.5 0.5 0.0 0.5 0.5 0.5 0.0
0.0 0.5 0.5 0.5 0.0 0.5 1.0 0.5 0.0
1.0 1.0 0.5 0.5 0.5 0.5 0.0 0.5 1.0
1.0 0.5 0.5 1.0 0.5 0.5 0.5 0.5 1.0
0.74 0.5 1.0 0.5 0.5 0.5 0.5 0.5 0.5
1.0 0.5 0.5 0.0 0.5 0.5 0.5 0.5 0.2
1.0 0.5 0.5 0.0 0.5 0.5 1.0 0.5 1.0
1.0 0.5 0.5 1.0 0.5 0.5 0.5 0.5 1.0
1.0 0.5 0.5 0.5 0.5 0.5 0.5 0.5 1.0
1.0 0.5 0.5 0.5 1.0 0.5 0.5 0.5 0.5
1.0 1.0 0.5 0.5 0.5 0.5 0.5 0.5 0.5
1.0 1.0 0.5 1.0 0.5 0.5 1.0 1.0 0.25
0.27 0.5 0.5 0.5 0.5 0.5 0.5 0.5 0.0
0.11 0.5 0.5 0.5 0.5 0.5 0.0 0.5 0.5
1.0 1.0 0.33 0.33 0.0 0.5 0.5 0.5 0.33
1.0 0.5 0.5 0.5 0.5 0.5 0.5 0.5 1.0
1.0 0.5 0.0 0.5 0.0 0.5 0.5 0.5 0.17
0.91 1.0 0.5 0.5 0.5 0.5 0.5 0.5 0.5
0.0 0.0 0.5 0.5 0.5 0.5 0.5 0.5 0.0
0.38 0.5 0.5 0.5 0.5 0.5 0.5 0.5 0.0
0.19 0.0 0.0 0.5 0.5 0.5 0.5 0.5 1.0
1.0 1.0 1.0 0.5 0.5 0.5 0.5 1.0 0.0
1.0 0.5 1.0 0.5 0.5 0.5 0.5 0.5 0.5
1.0 0.5 0.5 0.5 0.5 0.5 0.5 0.5 1.0
0.59 0.5 0.5 0.5 0.5 0.5 0.5 0.5 1.0
0.0 0.5 0.5 0.5 0.5 0.0 0.5 0.5 0.33
1.0 0.5 0.5 0.5 0.5 0.0 1.0 0.5 0.33
1.0 0.5 0.5 0.5 0.5 0.5 0.5 0.5 0.5
1.0 1.0 0.5 0.5 0.5 0.5 0.5 0.5 0.5
1.0 0.11 0.5 0.25 1.0 1.0 0.5 0.5 0.14
1.0 0.14 0.5 1.0 0.5 0.5 0.5 0.5 0.0
1.0 1.0 0.5 0.5 0.5 0.5 0.5 0.5 1.0
1.0 0.5 0.5 0.5 0.5 0.5 1.0 0.5 0.5
1.0 0.5 0.5 0.5 0.5 0.5 0.5 0.5 0.25
1.0 0.33 0.5 0.5 0.5 0.5 0.5 0.5 0.5
0.9 0.5 0.0 0.5 0.5 0.5 0.5 0.5 0.5
1.0 1.0 0.0 0.5 0.5 0.5 0.5 0.5 0.0
1.0 0.25 1.0 1.0 0.5 0.5 0.5 0.5 0.2
1.0 0.11 0.5 0.0 1.0 0.5 1.0 0.0 0.08
1.0 0.2 1.0 1.0 1.0 0.5 0.0 0.5 0.5
1.0 0.2 0.0 0.5 0.5 0.5 1.0 0.5 0.14
1.0 0.5 0.5 0.5 0.5 0.5 1.0 0.5 0.0
1.0 0.25 0.5 1.0 0.5 0.5 0.5 0.5 0.33
1.0 1.0 0.5 0.5 0.5 0.5 0.5 0.5 0.5
1.0 0.5 0.17 0.5 0.5 0.5 0.5 0.33 1.0
0.0 0.0 0.5 0.5 0.5 0.5 0.5 0.5 0.5
0.01 0.5 0.5 0.5 0.0 0.5 0.5 0.5 0.5
1.0 0.0 1.0 0.2 1.0 0.33 0.0 0.5 0.12
0.0 0.5 0.5 0.5 0.5 0.5 0.5 0.5 1.0
0.0 0.5 0.5 0.5 0.5 0.5 0.5 0.0 1.0
0.0 0.0 0.0 0.5 0.5 0.5 0.5 0.5 0.5
0.0 0.0 0.0 0.5 0.5 0.5 0.5 0.5 0.0
0.0 0.5 0.5 0.5 0.5 0.5 0.5 0.0 0.5
0.0 0.5 0.5 0.5 0.5 0.0 0.5 0.5 0.5
0.0 0.5 0.5 0.5 0.5 0.5 0.5 0.0 0.5
0.0 0.5 0.0 0.5 0.5 0.5 0.5 0.5 0.5
1.0 0.5 0.5 0.5 0.5 0.5 0.5 1.0 0.5
0.0 0.5 0.0 0.5 0.5 0.5 0.5 0.5 0.5
1.0 0.5 0.0 1.0 0.5 0.5 0.5 0.5 1.0
1.0 0.2 0.5 1.0 1.0 0.5 0.0 0.5 0.25
0.01 1.0 0.5 0.5 0.0 0.0 0.5 0.5 0.0
1.0 0.0 0.5 1.0 0.5 0.5 0.5 0.5 0.25
0.99 0.5 0.5 0.5 0.5 0.5 0.0 0.5 1.0
0.0 0.0 0.5 0.5 0.5 0.5 0.5 0.5 0.5
1.0 0.5 0.5 0.5 0.5 0.5 0.5 0.5 0.5
1.0 0.0 0.5 0.5 0.5 1.0 0.5 0.5 0.0
1.0 0.12 0.5 0.0 1.0 0.5 1.0 0.0 0.08
1.0 0.1 0.5 0.5 0.33 0.2 0.5 0.5 0.08
1.0 0.17 0.25 0.25 0.0 0.0 0.5 0.5 0.0
0.0 1.0 0.5 1.0 0.0 0.5 0.5 0.5 0.0
1.0 1.0 0.5 0.5 0.5 0.5 0.5 0.5 0.0
0.98 0.5 0.5 0.5 0.5 0.5 0.5 0.5 1.0
0.0 0.0 0.5 0.5 1.0 0.5 0.5 0.5 0.0
1.0 0.25 0.5 1.0 0.5 0.5 0.5 0.5 0.0
0.0 0.0 0.0 0.5 0.5 0.5 0.5 0.5 1.0
1.0 0.0 0.5 0.5 0.5 0.5 1.0 0.5 0.5
0.0 0.5 0.5 0.5 0.5 0.5 0.5 0.5 1.0
0.34 0.5 0.5 0.5 0.5 0.5 0.5 0.5 0.0
0.94 0.5 0.5 0.5 0.5 0.5 0.5 0.5 0.0
1.0 0.33 0.5 0.5 0.0 0.5 0.5 0.5 1.0
0.0 0.0 0.5 0.5 1.0 0.5 0.5 0.5 0.5
1.0 1.0 0.5 0.5 0.5 0.5 0.5 0.5 0.5
1.0 0.33 0.5 0.5 0.5 0.5 0.5 0.5 0.2
1.0 0.5 0.5 0.5 1.0 0.5 0.5 0.5 0.5
1.0 0.0 0.5 0.5 0.5 0.0 0.5 0.5 1.0
1.0 1.0 0.5 0.5 0.5 0.5 0.5 0.5 0.5
1.0 0.17 0.0 0.5 1.0 0.5 0.5 0.5 0.11
1.0 0.5 0.33 0.5 1.0 1.0 0.5 0.5 0.5
1.0 1.0 0.5 0.5 0.5 0.5 0.5 0.5 0.0
1.0 0.0 0.0 0.5 0.5 0.5 0.5 0.5 0.5
1.0 1.0 0.5 1.0 1.0 0.5 0.5 0.5 1.0
1.0 0.0 0.5 0.5 0.5 0.5 0.5 0.0 0.33
1.0 0.5 0.5 1.0 0.5 0.5 0.5 0.5 0.5
1.0 1.0 0.5 0.5 0.5 0.5 0.5 0.5 0.5
1.0 0.5 0.5 0.5 0.5 0.5 0.5 0.5 1.0
0.99 0.5 0.5 0.5 1.0 0.5 0.5 0.5 0.5
1.0 0.0 0.5 1.0 0.0 0.5 0.5 0.5 0.2
0.0 1.0 0.5 0.5 0.5 0.5 0.5 1.0 0.0
1.0 0.5 0.5 0.5 0.5 0.5 0.5 0.5 0.33
1.0 0.11 0.5 0.0 1.0 0.5 1.0 0.0 0.07
0.0 1.0 0.5 0.5 0.5 0.5 0.5 0.5 0.5
1.0 0.5 0.5 1.0 0.5 0.5 0.5 0.5 0.0
1.0 0.11 0.5 0.0 0.5 0.5 0.5 0.5 0.33
1.0 0.5 0.5 0.5 0.5 0.5 0.5 0.5 1.0
1.0 0.5 0.5 0.5 0.5 0.5 0.5 0.5 1.0
1.0 0.5 0.5 0.5 0.5 0.5 1.0 0.5 0.5
1.0 0.0 0.5 0.5 0.5 0.5 0.5 0.5 0.0
1.0 0.25 0.5 0.5 0.5 0.5 0.5 0.5 0.17
1.0 0.5 1.0 0.5 0.5 0.5 0.5 0.5 0.5
1.0 1.0 0.5 0.5 0.5 0.5 0.5 0.5 1.0
0.54 0.5 0.5 0.5 0.5 0.5 0.5 0.5 1.0
1.0 1.0 0.5 0.5 0.5 0.5 1.0 0.5 0.5
1.0 1.0 0.5 0.5 0.5 0.5 0.5 0.5 0.5
1.0 1.0 0.5 0.5 0.5 0.5 0.5 0.5 0.5
1.0 0.5 0.5 0.5 0.5 0.5 0.5 0.5 0.5
0.93 0.5 0.5 0.5 0.5 0.5 1.0 0.5 0.5
1.0 0.11 0.1 0.33 0.17 1.0 0.5 0.5 0.06
1.0 0.5 0.5 0.5 0.5 0.5 0.5 0.5 0.0
0.51 0.0 0.0 0.5 0.5 0.5 0.0 0.5 0.0
1.0 1.0 0.5 1.0 0.5 0.5 0.5 0.5 0.5
0.92 0.5 0.5 0.5 1.0 0.5 0.5 0.5 0.5
1.0 0.0 0.5 0.5 0.5 0.5 1.0 0.5 0.25
1.0 0.5 1.0 0.5 0.5 0.5 1.0 0.5 0.5
1.0 0.0 0.33 0.5 0.5 0.5 0.5 0.5 1.0
0.0 0.0 0.5 0.5 0.5 0.5 0.5 0.5 0.5
1.0 1.0 1.0 0.5 0.5 0.5 0.5 0.5 1.0
0.0 0.0 0.5 0.5 0.5 0.0 0.5 0.5 0.5
1.0 0.1 0.5 0.33 0.5 0.5 0.5 0.5 0.0
1.0 0.5 0.5 0.5 0.5 0.5 0.5 0.5 0.5
1.0 0.5 0.5 0.5 0.5 0.5 0.5 0.5 0.33
1.0 1.0 0.5 0.5 0.5 0.5 0.5 0.5 0.5
0.12 0.5 0.5 0.5 0.5 0.5 0.5 0.5 0.33
0.0 0.5 0.5 0.5 0.5 0.5 0.5 0.5 0.25
0.86 0.5 0.0 0.5 0.5 0.5 0.5 0.5 0.5
1.0 0.33 0.33 0.5 0.5 0.5 0.0 0.5 0.2
1.0 0.5 0.0 0.5 0.5 0.5 0.5 0.5 0.5
0.0 0.5 0.5 0.5 0.5 0.5 0.5 0.5 0.0
0.45 0.5 0.0 0.5 0.5 0.5 0.5 0.5 0.5
1.0 0.5 0.11 0.5 0.5 0.5 0.5 0.5 0.5
0.38 0.5 0.0 0.5 0.5 0.5 0.5 0.5 0.5
1.0 1.0 0.5 0.5 0.5 0.5 0.5 0.5 0.5
1.0 0.5 0.5 0.5 0.5 0.5 0.5 0.5 0.33
1.0 1.0 0.5 0.5 0.5 0.5 0.5 0.5 0.5
1.0 1.0 0.33 0.33 0.5 0.5 0.5 0.5 0.33
1.0 0.0 0.5 0.5 0.5 0.14 0.5 0.5 0.14
0.94 0.0 0.5 0.5 0.5 0.5 0.5 0.5 1.0
1.0 0.0 1.0 0.5 0.5 1.0 0.5 1.0 0.5
1.0 0.5 0.5 0.5 0.5 0.5 0.5 0.5 1.0
1.0 0.5 0.5 0.5 0.5 0.5 0.5 0.5 0.5
1.0 0.5 1.0 0.5 0.5 0.5 0.5 1.0 0.5
0.87 0.5 0.5 0.5 0.5 0.5 0.5 0.5 1.0
0.03 0.5 0.5 0.5 0.5 0.5 0.5 0.5 0.0
0.17 0.5 0.0 0.5 0.5 0.5 0.5 0.5 0.5
0.97 0.5 0.5 0.5 0.5 0.5 0.5 0.5 1.0
0.0 0.5 0.5 0.5 1.0 0.0 0.5 0.5 0.5
0.0 0.5 0.0 0.5 0.5 0.5 0.5 0.5 0.5
1.0 1.0 0.5 0.33 0.0 0.5 0.5 0.5 0.0
1.0 0.5 0.5 0.5 0.5 0.5 0.5 0.5 1.0
1.0 0.5 0.5 0.5 0.5 0.5 0.5 0.5 0.5
0.03 0.5 0.5 0.5 0.5 0.5 0.5 0.5 0.0
0.37 0.5 0.5 0.5 0.5 0.5 0.5 0.5 0.0
0.0 1.0 0.5 0.5 0.5 0.5 0.5 0.5 0.0
0.0 0.0 0.5 0.5 0.5 0.5 0.5 0.5 0.0
0.0 0.33 0.5 0.5 0.5 0.5 0.5 0.5 0.0
1.0 0.5 0.5 0.5 0.5 0.5 0.5 0.5 1.0
0.6 1.0 0.5 0.5 0.5 0.5 0.5 0.5 0.5
1.0 1.0 0.5 0.5 0.5 0.5 0.5 0.5 1.0
0.42 1.0 0.5 0.5 0.5 0.5 0.5 0.5 0.5
0.48 0.0 0.5 0.5 0.5 0.5 0.5 0.5 0.5
1.0 1.0 1.0 1.0 0.5 0.17 0.0 0.5 0.14
0.0 1.0 0.5 0.5 0.5 0.5 0.5 0.0 0.5
1.0 0.5 0.5 1.0 0.5 0.5 1.0 0.5 1.0
1.0 0.5 0.5 0.5 0.5 0.5 0.5 0.5 1.0
1.0 1.0 0.5 0.5 0.5 0.5 0.5 0.5 0.5
1.0 0.2 0.5 1.0 0.5 0.5 0.5 0.5 0.09
1.0 1.0 0.5 0.5 0.5 0.5 0.5 0.5 1.0
0.0 0.5 0.5 0.5 0.0 0.5 0.5 0.5 0.5
1.0 1.0 0.5 1.0 0.5 0.5 0.5 0.5 0.5
1.0 0.25 0.2 0.33 0.5 1.0 0.0 0.5 0.14
1.0 0.5 0.5 0.5 0.5 0.5 0.5 0.5 0.5
1.0 1.0 0.5 0.5 0.5 0.5 0.5 0.5 0.5
0.06 0.5 0.5 0.5 0.5 0.5 0.5 0.5 0.0
1.0 1.0 0.5 0.5 0.5 0.5 0.5 0.5 0.33
1.0 1.0 0.5 0.5 0.5 0.5 0.5 0.5 0.5
1.0 0.5 0.5 1.0 0.5 0.5 0.5 1.0 0.0
0.0 1.0 0.0 0.5 0.5 0.5 0.5 0.5 0.5
0.45 0.5 1.0 1.0 0.0 0.5 0.5 0.0 0.0
1.0 0.5 0.5 0.5 0.5 0.5 0.5 0.5 1.0
1.0 0.5 0.5 0.5 0.5 0.5 0.5 0.5 1.0
1.0 0.5 0.5 0.5 0.5 0.5 0.5 0.5 0.5
1.0 1.0 0.5 0.5 0.5 0.5 0.5 0.5 0.5
0.48 0.5 0.5 0.5 0.5 0.5 0.5 0.5 1.0
1.0 0.0 0.5 0.5 0.0 0.5 0.5 0.5 1.0
1.0 1.0 0.5 0.5 0.5 0.5 0.5 0.5 0.5
1.0 0.0 0.5 0.5 0.5 0.5 0.5 0.5 0.5
0.04 0.0 0.5 0.5 0.5 0.5 0.5 0.5 1.0
1.0 1.0 0.5 0.5 0.0 0.5 0.5 0.5 0.5
1.0 1.0 0.5 0.5 0.5 0.5 0.5 0.5 1.0
1.0 0.5 0.5 0.5 0.5 0.5 0.5 0.5 0.33
1.0 1.0 1.0 0.5 0.5 0.5 0.5 0.5 0.5
1.0 0.5 0.5 0.5 0.5 0.5 0.5 0.5 1.0
1.0 1.0 1.0 0.5 0.5 0.5 0.5 0.5 0.5
1.0 1.0 0.5 0.5 0.5 0.5 0.5 0.5 0.5
0.0 0.5 0.0 0.5 0.0 0.5 0.5 0.5 0.0
1.0 0.5 0.5 0.5 0.5 0.5 0.5 0.5 1.0
1.0 0.5 1.0 0.5 0.5 0.5 0.5 0.5 0.5
0.77 0.5 0.5 0.5 0.5 0.5 0.5 0.5 1.0
1.0 0.0 0.5 0.5 0.5 0.5 0.5 0.5 0.5
0.06 0.0 0.5 0.0 1.0 0.5 0.5 0.5 0.0
1.0 0.33 0.5 0.5 0.5 0.5 0.5 0.5 0.5
0.0 0.0 0.5 0.5 0.5 0.5 0.0 0.5 0.5
1.0 0.17 0.25 0.5 0.5 0.5 0.5 0.5 0.12
0.9 0.5 0.5 0.5 0.5 0.5 0.5 0.5 1.0
1.0 0.1 0.5 0.0 0.5 0.0 0.5 1.0 0.1
1.0 0.5 1.0 0.5 0.5 0.5 0.5 0.5 0.5
0.88 0.5 0.5 0.5 0.5 0.5 0.5 0.5 0.5
0.0 0.5 1.0 0.5 0.5 0.5 0.5 0.5 0.0
1.0 0.5 0.5 0.0 0.5 0.5 0.5 0.5 0.25
1.0 0.0 0.5 0.5 0.5 0.5 0.5 0.5 0.0
0.68 0.5 0.5 0.5 0.5 0.5 0.5 0.5 0.0
0.0 0.5 0.5 0.5 0.5 0.5 0.5 0.5 0.0
1.0 0.0 1.0 0.25 1.0 0.33 0.0 0.5 0.12
0.0 0.5 0.5 0.5 0.5 0.5 0.5 1.0 0.0
0.0 0.0 0.5 0.5 0.5 0.5 0.5 0.5 0.0
0.01 0.0 0.5 0.5 0.5 0.5 0.5 0.5 0.5
1.0 0.0 0.5 0.5 0.5 0.5 0.5 0.5 0.5
0.0 0.0 0.5 0.5 0.5 0.5 0.5 0.5 0.5
1.0 0.5 0.5 0.5 0.5 0.5 0.5 0.5 0.5
0.94 1.0 0.5 0.5 0.5 0.5 0.5 0.5 0.5
1.0 1.0 1.0 0.5 0.5 0.5 0.5 0.5 0.5
1.0 1.0 1.0 0.5 0.5 0.5 0.5 0.5 0.5
1.0 1.0 0.5 0.5 0.5 0.5 0.5 0.5 0.5
1.0 1.0 0.5 0.5 1.0 0.5 0.0 0.5 0.5
1.0 0.5 0.5 0.5 0.5 0.5 1.0 0.5 0.5
0.5 1.0 0.5 0.5 0.5 0.5 0.5 0.5 0.5
0.85 0.5 0.5 0.5 0.5 0.5 0.5 0.5 1.0
1.0 0.5 0.5 0.5 0.5 0.5 0.5 0.5 1.0
0.99 1.0 0.5 0.5 0.5 0.5 0.5 0.5 0.5
0.73 1.0 0.5 0.5 0.5 0.5 0.5 0.5 0.5
1.0 1.0 0.5 0.5 0.5 0.5 0.5 0.5 0.5
1.0 0.5 0.5 0.5 0.5 0.5 0.5 0.5 1.0
0.26 0.5 0.5 0.5 0.5 0.5 0.5 0.5 0.0
0.97 1.0 0.5 0.5 0.5 0.5 0.5 0.5 0.5
1.0 1.0 0.5 0.5 0.5 0.5 0.5 0.0 1.0
1.0 1.0 0.5 0.5 0.5 0.5 0.5 0.5 0.5
0.95 0.5 0.5 0.5 1.0 0.5 0.5 0.5 0.5
1.0 0.5 1.0 0.5 0.5 0.5 0.5 0.5 1.0
1.0 0.14 0.0 0.2 0.5 0.5 1.0 1.0 0.0
0.96 1.0 0.5 0.5 0.5 0.5 0.5 0.5 0.5
0.0 0.0 0.5 1.0 0.5 0.5 0.5 0.5 0.5
1.0 0.0 0.25 0.5 1.0 0.0 0.5 1.0 0.0
0.0 0.5 0.5 0.0 0.5 0.5 0.5 0.5 0.0
1.0 0.5 1.0 0.5 0.5 0.5 0.5 0.5 0.5
1.0 0.5 0.5 1.0 1.0 0.5 0.5 0.5 1.0
1.0 0.33 1.0 0.5 0.5 0.5 0.5 0.5 0.33
0.39 0.5 0.5 0.5 1.0 0.5 0.5 0.5 0.5
1.0 0.5 0.5 0.5 0.5 0.0 0.5 0.5 0.5
1.0 0.2 0.5 0.5 0.5 0.5 0.5 0.5 1.0
1.0 0.5 0.5 0.5 0.5 0.5 0.5 0.5 1.0
0.99 0.5 1.0 0.5 0.5 0.5 0.5 0.5 0.5
1.0 0.5 0.5 0.5 0.5 0.5 1.0 0.5 0.5
1.0 0.5 1.0 0.5 0.5 0.5 0.5 0.5 0.5
0.54 0.5 0.5 0.5 0.5 0.5 0.5 0.5 1.0
1.0 0.33 1.0 1.0 0.5 0.5 0.5 0.5 0.5
1.0 0.33 0.5 1.0 0.0 0.0 0.5 0.5 0.14
1.0 1.0 0.5 0.5 0.5 0.5 0.5 0.5 0.5
1.0 0.12 0.5 0.0 0.5 0.5 0.5 0.5 0.0
1.0 0.5 0.5 1.0 0.5 0.5 0.5 0.5 0.5
1.0 0.5 0.5 0.5 1.0 0.5 0.5 0.5 0.5
1.0 0.5 0.5 1.0 0.0 0.5 0.5 0.5 0.0
1.0 0.5 0.5 0.5 0.5 0.5 0.5 0.5 1.0
0.0 1.0 0.5 0.5 1.0 0.5 0.5 0.5 0.0
1.0 0.0 0.5 0.5 0.5 0.5 0.5 0.5 0.5
1.0 1.0 0.5 0.5 0.5 0.5 0.5 0.5 0.5
1.0 0.5 0.5 0.5 0.5 0.5 0.5 0.5 1.0
1.0 0.33 0.08 0.5 0.0 0.5 0.5 0.0 0.25
1.0 0.5 1.0 0.5 0.5 0.5 0.5 0.5 0.5
0.0 1.0 0.5 0.5 0.5 0.5 0.0 0.5 0.5
1.0 0.5 0.5 0.5 0.5 0.5 0.5 0.5 0.5
1.0 0.33 0.5 0.5 0.0 0.5 0.5 0.5 0.17
1.0 0.5 0.5 0.5 0.0 0.0 0.5 0.5 0.14
1.0 0.5 0.5 0.5 0.5 0.5 0.5 0.5 1.0
1.0 0.5 0.5 0.5 0.5 0.5 0.5 0.5 1.0
0.38 0.0 0.0 0.5 0.5 0.5 0.5 0.5 0.5
0.0 0.5 0.5 0.5 0.5 0.5 0.5 0.5 0.0
1.0 0.5 0.5 0.5 0.5 0.5 0.5 0.5 0.5
0.06 0.5 0.5 0.5 0.5 0.5 0.5 0.5 0.0
1.0 0.0 0.5 0.5 0.5 1.0 0.5 0.5 0.5
0.38 1.0 0.5 0.5 0.5 0.5 0.5 0.5 0.0
1.0 0.5 1.0 0.5 0.0 0.5 0.5 0.5 0.5
1.0 0.33 1.0 0.5 0.5 0.5 0.5 0.5 0.5
1.0 0.5 0.5 1.0 0.5 0.5 0.5 0.5 1.0
1.0 0.5 0.5 1.0 0.5 0.5 0.5 0.5 1.0
1.0 0.5 0.5 1.0 0.5 0.5 0.5 0.5 0.5
0.86 0.5 0.5 0.5 0.5 0.5 0.5 0.5 1.0
0.99 1.0 0.5 0.5 0.5 0.5 0.5 0.5 0.5
1.0 0.5 0.5 0.5 0.5 0.5 0.5 0.5 0.5
1.0 1.0 0.5 0.5 0.5 0.5 0.5 0.5 0.5
1.0 0.5 0.5 0.5 0.5 0.5 0.5 0.5 1.0
1.0 0.5 0.5 0.5 0.5 0.5 0.5 0.5 1.0
1.0 0.33 0.5 0.5 0.5 0.5 0.5 0.5 0.5
1.0 0.0 1.0 0.5 0.5 0.5 0.5 0.5 1.0
1.0 0.25 0.5 0.5 0.5 0.5 0.5 0.5 0.5
0.0 0.5 0.5 0.5 0.0 0.5 0.5 0.5 0.5
0.99 0.5 0.5 0.5 1.0 0.5 0.5 0.5 0.5
0.0 0.0 0.5 0.5 0.5 0.5 0.5 0.5 0.5
0.24 0.5 0.5 0.5 0.5 0.5 0.5 0.5 0.0
0.06 0.5 0.5 0.5 0.5 0.5 0.5 0.5 0.0
1.0 0.5 0.5 0.5 0.5 0.5 0.5 0.5 1.0
0.0 1.0 0.5 1.0 0.5 0.5 0.5 0.5 1.0
1.0 0.33 0.5 0.5 0.5 0.5 0.5 0.5 0.5
0.12 0.0 0.5 0.5 0.5 0.5 0.5 0.5 0.5
1.0 1.0 0.5 0.5 0.5 0.5 0.5 0.5 0.5
0.0 0.0 0.5 0.5 0.5 0.5 0.5 0.5 0.5
0.0 0.5 0.12 0.5 0.5 0.5 0.0 0.5 0.0
1.0 1.0 0.5 0.5 0.0 0.5 0.5 0.5 0.0
0.5 0.0 0.5 0.5 0.5 0.5 0.5 0.5 0.5
1.0 0.5 0.5 0.5 0.5 0.5 1.0 0.5 0.5
0.0 0.0 0.5 0.0 0.5 0.0 0.5 0.5 0.0
0.97 0.0 0.0 0.0 0.5 0.5 0.5 0.5 0.0
0.01 0.0 0.5 0.5 0.5 0.5 0.5 0.5 0.5
0.23 0.5 0.5 0.5 0.0 0.5 0.5 0.5 0.5
0.98 0.5 0.5 1.0 0.5 0.5 0.5 0.5 0.5
1.0 1.0 0.5 1.0 0.5 0.5 0.5 0.5 0.5
0.05 0.5 0.5 0.5 0.5 0.5 0.5 0.5 0.5
0.13 0.5 0.5 0.0 0.5 0.5 0.5 0.5 0.0
0.29 0.5 0.5 0.5 0.5 0.5 0.5 0.5 0.5
0.92 0.0 0.5 0.5 0.5 0.5 0.5 0.5 0.5
0.35 0.5 0.5 0.5 1.0 0.5 0.5 0.5 0.5
0.92 0.5 0.5 0.5 0.5 0.5 0.5 0.5 1.0
1.0 0.5 1.0 0.5 0.5 0.5 0.5 0.5 0.5
0.93 0.5 0.5 0.5 0.5 0.5 1.0 0.5 0.5
1.0 1.0 0.5 0.5 0.5 0.5 0.5 0.5 0.5
0.71 1.0 0.5 0.5 0.5 0.5 0.5 0.5 0.5
0.01 0.5 0.5 0.5 0.0 0.5 0.5 0.5 0.5
0.96 0.5 0.5 0.5 1.0 0.5 0.5 0.5 0.5
0.0 0.5 0.5 0.5 0.5 0.5 0.5 0.5 0.0
0.99 1.0 0.5 0.5 0.5 0.5 0.5 0.5 0.5
0.07 0.0 0.5 0.5 0.5 0.5 0.5 0.5 0.5
0.89 0.5 0.5 0.5 1.0 0.5 0.5 0.5 0.5
0.0 0.5 0.5 0.5 0.0 0.5 0.5 0.5 0.5
0.04 0.5 0.5 0.5 0.0 0.5 0.5 0.5 0.5
0.77 0.5 0.5 0.5 0.5 0.5 0.5 0.5 1.0
0.04 0.5 0.5 0.5 0.0 0.5 0.5 0.5 0.5
0.1 0.0 0.5 0.5 0.5 0.5 0.5 0.5 0.5
0.01 0.0 0.5 0.5 0.5 0.5 0.5 0.5 0.5
1.0 0.5 0.5 0.5 0.5 0.5 1.0 0.5 0.5
0.8 1.0 0.5 0.5 0.5 0.5 0.5 0.5 0.5
0.0 0.0 0.5 0.5 0.5 0.5 0.5 0.5 0.5
1.0 0.5 1.0 0.17 0.5 0.5 0.5 0.5 0.0
1.0 0.25 0.5 0.5 0.5 0.5 0.5 0.5 0.0
1.0 0.0 0.5 0.5 0.5 0.5 0.5 0.5 0.0
1.0 0.5 0.5 0.33 1.0 0.5 0.5 0.5 0.14
1.0 0.5 0.0 0.5 1.0 0.5 1.0 0.5 0.33
0.85 0.5 1.0 0.5 0.5 0.5 0.5 0.5 0.5
1.0 0.5 0.5 1.0 0.5 0.5 0.5 0.5 0.5
0.4 0.5 0.5 0.5 0.5 0.5 0.5 0.5 1.0
1.0 0.5 0.5 0.5 0.5 0.5 1.0 0.5 0.5
1.0 0.5 0.5 0.5 1.0 0.5 0.5 0.5 1.0
1.0 0.5 0.5 0.5 0.5 0.5 0.5 0.5 1.0
1.0 0.5 1.0 0.5 0.5 0.5 0.5 0.5 0.5
1.0 0.5 0.5 0.5 0.5 0.5 0.5 0.5 0.5
1.0 0.5 0.5 0.5 0.5 0.5 0.5 0.5 1.0
0.0 0.5 0.5 0.0 0.5 0.5 0.5 0.5 0.5
0.92 0.5 0.5 0.5 0.5 1.0 0.5 0.5 0.5
0.65 0.5 0.5 0.5 0.0 0.5 0.5 0.5 1.0
1.0 0.5 1.0 0.5 1.0 0.5 0.5 0.5 0.0
1.0 0.5 0.5 0.5 1.0 0.5 0.5 0.5 1.0
1.0 1.0 0.5 1.0 0.5 0.5 0.5 1.0 0.5
1.0 0.5 0.5 0.5 0.5 0.5 0.5 0.5 1.0
1.0 0.5 0.5 0.5 0.5 0.5 0.5 0.5 1.0
1.0 0.5 0.5 0.5 0.5 0.5 0.5 0.5 0.33
1.0 0.5 0.33 0.5 0.5 0.5 0.5 0.5 1.0
1.0 0.5 0.5 0.5 0.5 0.5 0.5 0.5 0.5
1.0 0.5 0.5 1.0 1.0 0.0 1.0 0.5 0.25
1.0 0.33 0.5 0.5 0.5 0.5 0.5 0.5 0.0
1.0 0.5 0.5 0.5 0.0 0.0 0.5 0.5 0.0
1.0 0.5 0.5 0.5 0.5 0.5 0.5 0.5 1.0
1.0 0.5 0.0 0.5 0.5 0.5 0.5 0.5 0.33
0.05 0.5 0.0 0.5 0.5 0.5 0.5 0.5 0.5
0.81 0.5 0.5 0.5 0.5 0.5 0.5 0.5 1.0
0.99 0.5 0.5 0.0 0.5 0.5 0.5 0.5 0.5
1.0 0.5 0.5 0.5 0.5 0.5 0.5 0.5 1.0
0.93 1.0 0.5 0.5 0.5 0.5 0.5 0.5 0.5
1.0 0.5 0.5 0.5 0.5 0.5 0.5 0.5 1.0
0.99 0.5 0.5 0.5 0.5 0.5 0.5 0.5 1.0
1.0 0.5 0.5 0.5 0.5 0.5 0.5 0.5 0.5
1.0 0.5 0.5 1.0 0.5 0.5 0.5 0.5 0.33
1.0 1.0 0.5 0.5 0.5 0.5 0.5 0.5 0.5
1.0 0.5 0.5 0.5 0.5 1.0 0.5 0.5 0.5
1.0 0.5 0.5 0.5 0.5 0.5 0.5 0.5 1.0
1.0 0.5 0.5 1.0 0.5 0.5 0.5 0.5 1.0
1.0 1.0 0.5 0.5 0.5 0.5 0.5 1.0 0.5
1.0 1.0 0.5 1.0 0.5 0.5 0.5 0.5 0.25
1.0 1.0 0.5 0.5 0.5 0.5 0.5 0.5 0.5
1.0 0.5 1.0 0.5 0.5 0.5 0.5 0.5 0.5
0.1 0.5 0.5 0.5 0.5 0.5 0.5 0.5 0.0
1.0 1.0 0.5 0.5 0.5 0.5 0.5 0.5 0.5
1.0 0.2 0.5 0.5 1.0 0.0 0.5 0.5 0.0
1.0 0.5 0.0 0.5 1.0 1.0 0.5 0.5 0.33
0.22 0.5 0.5 0.5 0.0 0.5 0.5 0.5 0.5
1.0 0.2 0.5 0.25 0.5 0.5 0.5 0.5 0.0
1.0 1.0 0.5 0.5 0.5 0.5 0.5 0.5 0.5
1.0 0.5 0.5 0.5 0.5 0.5 1.0 0.5 0.5
1.0 0.5 0.05 0.5 1.0 0.5 0.5 0.5 0.33
1.0 0.5 0.5 0.5 1.0 0.5 0.5 0.5 0.25
1.0 0.5 1.0 0.5 0.0 0.5 0.5 0.5 0.5
0.01 0.5 0.5 0.5 1.0 0.5 0.5 0.5 0.5
1.0 0.5 0.5 1.0 0.0 0.5 0.5 0.5 0.5
1.0 0.5 0.2 1.0 0.5 0.5 0.5 0.5 0.5
0.97 1.0 0.5 0.5 0.5 0.5 0.5 0.5 0.5
1.0 0.5 0.5 0.5 0.0 0.5 0.5 0.5 0.5
1.0 1.0 0.5 1.0 0.5 0.5 0.5 0.5 1.0
1.0 0.5 0.5 0.5 0.5 0.5 0.5 0.5 1.0
0.98 0.0 0.5 0.5 0.5 0.5 0.5 0.5 0.5
0.0 0.5 0.0 0.5 0.5 0.5 0.5 0.0 0.5
0.94 1.0 0.5 0.5 0.0 0.5 0.5 0.5 0.5
0.13 0.5 0.5 0.5 0.5 0.5 0.5 0.5 1.0
0.98 0.5 0.5 0.5 1.0 0.5 0.5 0.5 0.5
1.0 1.0 1.0 0.5 0.5 0.5 0.5 0.5 0.5
1.0 0.5 0.5 0.5 1.0 0.5 0.5 0.5 0.5
1.0 0.5 0.5 0.5 1.0 0.5 0.5 0.5 0.5
0.94 0.5 0.5 0.5 0.0 0.5 0.5 0.5 0.5
1.0 0.33 0.5 0.5 1.0 0.5 0.5 0.5 1.0
1.0 0.33 0.5 0.5 0.2 0.5 0.5 0.5 0.33
0.01 0.5 0.5 0.5 0.0 0.5 0.5 0.5 0.5
1.0 0.5 0.5 0.5 1.0 0.5 0.5 0.5 1.0
1.0 1.0 0.5 0.5 0.0 0.5 0.5 0.5 1.0
1.0 0.5 0.5 0.5 1.0 0.5 0.5 0.5 1.0
1.0 1.0 0.5 0.5 0.0 0.5 0.5 0.5 0.0
1.0 1.0 0.5 0.5 1.0 0.5 0.5 0.5 1.0
0.0 0.0 0.5 0.5 1.0 0.0 0.5 0.5 0.5
1.0 0.0 0.5 0.0 1.0 0.5 0.5 0.5 0.09
1.0 0.5 1.0 0.5 0.5 0.5 0.5 0.5 0.5
0.0 0.5 1.0 0.5 0.5 0.5 0.5 0.5 0.0
1.0 0.05 0.5 1.0 0.5 0.5 1.0 1.0 0.06
0.99 0.5 0.5 0.5 0.5 0.5 0.5 0.5 1.0
1.0 0.5 0.0 0.5 1.0 0.5 0.5 0.5 0.33
1.0 0.5 0.5 1.0 0.5 0.5 0.5 0.5 0.5
1.0 1.0 0.5 1.0 1.0 0.5 0.5 0.5 0.0
0.0 0.0 0.5 0.0 1.0 0.5 0.5 0.5 0.0
1.0 0.0 0.5 0.5 0.5 0.5 1.0 0.5 0.0
0.0 0.5 0.5 0.5 0.5 0.5 0.5 0.5 0.0
0.97 0.0 0.5 0.5 0.5 0.0 1.0 0.5 0.5
1.0 1.0 0.5 0.5 0.5 0.5 0.5 0.5 0.5
1.0 0.5 0.5 0.5 0.5 0.5 1.0 0.5 0.0
1.0 0.5 1.0 0.5 0.5 0.5 0.5 0.5 0.5
0.0 0.5 0.0 0.5 0.5 0.5 0.5 0.5 0.0
0.9 1.0 0.5 0.5 0.5 0.5 0.5 0.5 0.5
1.0 0.5 0.5 0.5 0.5 0.5 0.5 0.5 1.0
0.94 1.0 0.5 0.5 0.5 0.5 0.5 0.5 0.5
1.0 0.33 0.5 0.5 0.5 0.5 0.5 0.5 0.5
1.0 0.2 0.5 0.0 0.5 0.5 0.2 0.5 0.11
1.0 0.5 0.5 0.5 0.5 0.5 0.5 0.5 0.5
0.02 0.0 0.5 0.5 0.5 0.5 0.5 0.5 0.5
1.0 0.0 0.5 0.5 0.5 0.5 0.5 0.5 0.0
1.0 0.2 0.5 1.0 0.5 0.5 0.5 0.5 0.0
1.0 1.0 0.5 0.5 0.5 0.5 0.5 0.5 0.5
1.0 0.5 0.5 0.5 0.33 0.5 0.5 0.5 0.5
0.0 0.5 0.5 1.0 0.5 0.5 0.5 0.5 0.5
1.0 0.5 0.17 0.0 0.0 0.5 0.5 0.5 1.0
1.0 0.0 0.0 0.33 0.5 0.5 0.5 1.0 0.0
1.0 0.5 0.5 0.5 1.0 0.5 0.5 0.5 0.5
1.0 0.25 0.5 1.0 0.5 0.5 0.5 0.5 0.0
0.0 0.5 0.5 0.5 0.5 0.5 0.5 0.5 0.5
0.29 1.0 0.5 0.0 0.5 0.5 0.5 0.5 0.5
1.0 0.5 0.5 1.0 0.5 0.5 0.5 0.5 1.0
1.0 0.5 0.5 0.5 0.5 0.5 0.5 0.5 0.5
0.0 0.5 0.5 0.5 0.0 0.5 0.5 0.5 1.0
1.0 0.33 0.5 1.0 1.0 1.0 0.5 0.5 0.5
1.0 1.0 0.5 0.5 0.5 0.5 0.0 0.5 0.33
1.0 0.0 0.5 0.33 0.5 0.5 0.5 0.5 0.08
0.15 0.5 0.5 0.5 0.5 0.5 0.5 0.5 0.0
0.0 0.5 0.5 0.5 0.0 0.5 0.5 0.5 0.0
1.0 1.0 0.5 1.0 0.5 0.5 0.5 0.5 0.0
1.0 0.1 0.5 0.0 1.0 0.5 1.0 0.0 0.07
0.99 0.5 0.5 0.5 0.5 0.5 0.5 0.5 0.0
0.02 0.0 0.5 0.5 0.5 0.5 0.5 0.5 0.5
0.17 0.5 0.5 0.5 0.5 0.5 0.5 0.0 0.33
1.0 0.5 0.5 0.5 0.5 0.5 0.5 0.5 1.0
1.0 0.25 0.5 0.5 0.5 0.5 0.0 0.5 0.33
1.0 0.5 0.5 0.5 0.5 0.5 1.0 0.5 0.5
1.0 0.0 1.0 0.5 0.5 0.5 0.5 0.5 0.5
1.0 1.0 0.2 0.5 0.5 0.5 0.5 0.0 0.33
1.0 0.5 0.5 0.5 0.5 0.5 0.5 0.5 0.0
1.0 0.33 0.5 0.0 1.0 0.5 1.0 0.5 0.33
1.0 0.14 0.5 1.0 0.5 0.5 0.33 0.5 1.0
1.0 0.1 0.5 0.0 0.5 0.0 0.5 1.0 0.1
1.0 0.08 0.5 0.5 0.5 0.5 0.5 0.5 0.25
1.0 0.0 0.5 0.0 0.5 0.5 0.33 1.0 0.14
1.0 0.08 0.5 0.25 0.5 0.5 0.5 0.5 0.1
0.0 0.0 0.5 1.0 0.5 0.5 0.5 0.5 0.5
1.0 0.0 0.5 0.5 0.5 0.5 0.5 0.5 1.0
1.0 0.5 1.0 0.5 0.5 0.5 0.5 0.5 0.5
1.0 0.5 0.5 0.5 1.0 0.5 0.5 0.5 1.0
1.0 0.0 0.5 0.5 0.5 0.5 1.0 0.5 0.5
1.0 0.5 0.0 0.5 1.0 0.5 0.5 0.5 0.25
1.0 0.5 1.0 0.5 0.5 0.5 0.5 0.5 0.25
1.0 0.5 0.5 0.5 1.0 0.5 0.5 0.5 0.5
1.0 1.0 0.5 0.5 0.5 0.5 0.5 0.5 0.5
0.07 0.5 0.5 0.5 1.0 0.5 0.5 0.5 0.5
1.0 0.5 0.5 0.5 0.5 0.5 0.5 0.5 1.0
0.0 0.0 0.5 0.0 0.5 0.5 0.5 0.5 0.5
1.0 1.0 0.5 0.0 0.5 0.5 0.5 0.5 1.0
1.0 1.0 0.5 0.5 0.5 0.5 0.5 0.5 0.5
0.9 0.5 0.5 0.5 1.0 0.5 0.5 0.5 0.5
1.0 0.5 0.5 0.5 0.5 0.5 0.5 0.5 0.0
0.85 0.5 0.5 0.5 0.5 0.5 0.5 0.5 1.0
0.99 0.5 0.5 1.0 0.5 0.5 0.5 0.5 0.5
1.0 0.5 0.5 0.5 0.5 1.0 0.5 0.5 0.5
1.0 0.5 0.5 0.5 0.5 0.5 0.5 0.5 1.0
1.0 1.0 0.5 0.5 0.2 0.5 0.5 1.0 0.2
1.0 0.33 0.5 0.0 1.0 0.5 0.5 0.5 0.17
1.0 0.5 0.5 1.0 0.5 0.5 0.5 0.5 0.5
1.0 0.0 0.5 1.0 0.5 0.5 0.5 0.5 1.0
1.0 1.0 0.5 0.5 0.5 0.5 0.5 0.5 0.5
1.0 0.5 0.5 0.5 0.5 0.5 0.5 0.5 1.0
1.0 0.33 0.5 0.5 0.5 0.5 0.5 0.5 0.25
1.0 0.33 0.33 0.5 0.5 0.5 0.5 0.5 0.33
1.0 1.0 1.0 0.5 0.5 0.5 0.5 0.0 0.12
1.0 0.0 0.5 0.12 0.25 0.5 1.0 0.5 0.0
0.91 0.5 0.5 0.5 0.5 0.5 1.0 0.5 0.5
1.0 1.0 0.5 0.5 0.5 0.5 0.5 0.0 0.5
1.0 0.11 0.5 0.0 1.0 0.0 0.25 1.0 0.0
1.0 0.5 0.5 0.5 0.5 0.5 0.5 0.5 0.5
0.58 1.0 0.5 0.5 0.5 0.5 0.5 0.5 0.5
1.0 1.0 0.5 0.5 0.5 0.5 0.5 0.5 0.5
0.02 0.5 0.5 0.5 0.5 0.5 0.5 0.5 0.0
1.0 0.5 0.5 0.5 0.5 0.5 0.5 0.5 1.0
1.0 0.5 0.5 0.5 1.0 0.5 1.0 0.5 0.5
0.93 0.5 0.5 0.5 0.5 0.5 0.5 0.5 1.0
0.0 0.5 0.5 0.5 1.0 0.5 0.5 0.5 0.5
0.02 0.5 0.0 0.5 0.5 0.5 0.5 0.5 0.5
1.0 0.5 0.33 1.0 0.5 0.5 0.5 0.5 0.5
1.0 0.0 1.0 0.5 0.5 0.5 0.5 0.5 0.33
1.0 1.0 1.0 0.5 0.5 0.5 0.5 0.5 0.5
1.0 0.5 1.0 0.5 0.5 0.5 0.5 0.5 0.5
1.0 1.0 0.5 0.5 0.5 0.5 0.5 0.5 1.0
1.0 0.5 0.5 1.0 0.5 0.5 0.5 0.5 0.25
1.0 0.5 0.5 1.0 0.5 0.5 0.5 0.5 0.5
1.0 0.5 0.5 1.0 0.5 0.5 0.5 0.5 0.5
1.0 0.5 0.5 0.5 0.5 0.5 0.5 0.5 0.33
1.0 0.33 0.5 0.5 0.0 0.0 0.5 0.5 0.14
0.82 1.0 0.5 0.5 0.0 0.5 0.5 0.5 0.0
1.0 1.0 1.0 0.5 0.5 0.5 0.5 0.0 0.0
0.0 0.5 0.5 0.5 0.5 0.5 0.5 0.5 0.0
0.7 0.5 0.5 0.5 0.0 0.5 0.5 0.5 0.5
1.0 0.5 1.0 0.5 0.5 0.5 0.5 0.5 0.5
0.0 0.0 0.0 0.5 0.5 0.5 0.5 0.5 0.5
0.98 0.5 0.5 0.5 0.5 0.5 0.5 0.5 1.0
1.0 1.0 0.5 0.5 0.0 0.5 0.0 0.5 1.0
0.23 0.5 0.5 0.5 1.0 0.5 0.5 0.5 0.5
0.95 1.0 0.5 0.5 0.5 0.5 0.5 0.5 0.5
0.0 0.5 0.5 0.5 0.5 0.5 0.5 0.5 0.0
1.0 0.5 0.5 1.0 0.5 0.5 0.5 0.5 0.12
1.0 0.0 0.5 0.5 1.0 0.0 0.5 0.5 0.0
1.0 0.5 0.5 0.5 1.0 0.0 0.5 1.0 1.0
1.0 0.0 1.0 0.5 0.0 0.0 0.5 0.5 0.0
0.73 0.5 0.5 0.5 1.0 0.5 0.5 0.5 0.5
1.0 0.5 0.33 0.5 0.5 0.5 0.5 0.5 0.5
0.99 0.25 0.5 0.5 0.5 0.0 0.5 0.5 0.25
1.0 0.2 0.5 0.5 1.0 0.0 0.5 0.5 0.0
1.0 0.0 0.5 0.5 0.5 0.0 1.0 0.0 0.0
1.0 0.17 0.25 0.25 0.0 0.0 0.5 0.5 0.0
0.95 0.5 0.5 0.5 0.5 0.5 0.5 0.5 1.0
0.65 0.25 0.5 0.5 0.5 0.5 0.5 0.5 0.0
1.0 0.5 0.0 0.5 0.5 0.5 0.5 0.5 1.0
1.0 0.5 0.5 1.0 0.5 0.5 0.5 0.5 1.0
1.0 0.17 0.17 0.5 1.0 0.5 0.5 0.5 0.5
1.0 0.5 0.5 0.5 0.5 1.0 0.5 0.5 0.5
0.0 0.0 0.5 1.0 0.5 0.5 1.0 0.5 0.25
1.0 0.11 0.5 0.0 1.0 0.5 1.0 0.0 0.08
0.85 0.5 1.0 0.5 0.5 0.5 0.5 0.5 0.5
1.0 1.0 0.5 0.5 0.5 0.5 0.5 0.5 0.5
1.0 0.5 0.5 1.0 0.5 0.5 0.5 0.5 0.5
1.0 0.0 0.5 1.0 1.0 0.5 0.5 1.0 0.14
0.0 1.0 0.5 0.5 0.5 0.5 0.5 0.5 0.5
1.0 0.5 0.5 0.5 0.5 0.5 0.5 0.5 1.0
1.0 0.5 1.0 0.5 0.5 0.5 0.5 0.5 0.5
0.01 1.0 0.5 0.5 0.5 0.5 0.5 0.5 1.0
1.0 0.5 0.5 0.5 0.5 0.5 0.5 0.5 1.0
1.0 0.5 0.5 1.0 0.5 0.5 0.5 0.5 0.5
0.28 0.5 0.5 0.5 0.5 0.5 0.5 0.5 0.0
1.0 0.5 0.5 0.5 1.0 0.5 0.5 0.5 0.5
0.02 0.5 0.5 0.5 0.5 0.5 0.5 0.5 0.0
0.37 0.5 0.5 0.5 0.5 0.5 0.5 0.5 1.0
1.0 0.11 0.5 0.0 1.0 0.5 1.0 0.0 0.07
1.0 0.14 0.5 0.33 1.0 0.5 0.5 0.5 0.5
1.0 0.5 1.0 0.5 0.5 0.5 0.5 0.5 0.0
1.0 1.0 0.5 0.5 0.5 0.5 0.5 0.5 1.0
1.0 0.12 0.5 0.5 1.0 0.5 1.0 1.0 0.5
0.22 0.5 0.5 0.5 0.5 0.5 0.5 0.5 1.0
1.0 0.17 0.5 0.5 0.5 0.33 0.25 0.5 0.33
1.0 0.0 0.5 0.5 0.5 0.5 0.5 0.5 0.5
1.0 1.0 1.0 0.5 0.5 0.5 0.5 0.5 0.0
1.0 0.07 0.1 0.33 1.0 0.5 0.5 0.5 0.06
0.57 0.0 0.5 0.5 0.5 0.5 0.5 0.5 0.33
1.0 0.5 0.5 0.33 1.0 1.0 0.5 0.5 0.0
1.0 0.5 0.5 0.5 0.5 0.5 0.5 0.5 0.5
0.98 0.5 0.5 0.0 0.5 0.5 0.5 0.5 0.5
1.0 0.14 1.0 0.5 0.0 0.5 0.5 0.5 0.07
1.0 0.5 0.5 0.5 0.5 0.5 0.5 0.5 1.0
1.0 1.0 0.5 0.5 0.5 0.5 0.5 0.5 0.5
1.0 0.0 0.5 0.0 0.5 0.5 0.0 0.5 0.0
1.0 0.0 1.0 0.5 1.0 0.0 1.0 0.5 0.2
1.0 0.5 0.0 1.0 0.5 0.5 0.5 0.5 0.0
1.0 0.25 0.5 0.5 0.5 1.0 0.5 0.5 0.11
1.0 0.0 0.5 0.25 0.0 0.0 0.5 0.2 0.05
1.0 0.25 0.5 1.0 0.5 0.5 0.5 0.5 0.17
1.0 0.17 0.5 0.0 1.0 1.0 1.0 0.5 0.0
0.0 1.0 0.5 0.5 0.5 0.5 0.5 0.5 1.0
1.0 0.14 0.0 0.5 0.5 0.5 0.5 0.0 0.17
1.0 0.33 0.5 0.5 0.0 0.0 0.5 0.5 0.25
1.0 0.2 0.5 0.5 0.2 0.5 0.5 1.0 0.0
1.0 0.33 0.5 0.5 1.0 0.5 0.5 0.5 0.2
1.0 1.0 0.5 0.5 0.5 0.5 0.5 0.5 0.5
1.0 0.5 0.5 0.5 0.5 0.5 0.5 0.5 0.5
1.0 0.5 0.5 0.5 0.5 0.5 0.5 0.5 1.0
1.0 0.33 0.5 1.0 0.0 0.5 0.5 0.5 0.14
1.0 1.0 0.5 0.5 0.33 0.5 1.0 0.5 0.33
1.0 0.33 0.5 0.25 0.0 0.5 0.5 1.0 0.0
1.0 0.5 0.5 0.5 0.33 0.5 1.0 0.5 0.5
1.0 0.5 0.5 0.5 0.5 0.5 0.5 0.5 0.5
0.0 0.0 0.0 0.5 0.2 0.5 0.5 0.5 0.5
1.0 0.5 0.5 0.5 0.5 0.5 0.5 0.5 1.0
1.0 0.25 0.5 0.5 0.5 0.5 0.5 0.5 0.5
0.0 0.5 0.5 0.0 0.5 0.5 0.5 0.5 0.0
1.0 0.5 1.0 0.5 0.5 0.5 0.5 0.5 1.0
1.0 0.33 0.33 1.0 1.0 0.5 0.5 0.5 0.5
1.0 0.33 0.5 0.5 1.0 0.5 0.5 0.5 0.25
1.0 1.0 1.0 0.5 0.33 0.5 1.0 0.5 0.5
1.0 0.5 0.5 1.0 0.5 0.5 0.5 0.5 0.2
0.01 1.0 0.5 0.5 0.0 0.5 0.5 0.5 0.0
1.0 0.25 0.5 0.5 0.5 0.5 0.5 0.5 0.0
1.0 0.0 0.5 0.5 0.5 0.5 0.5 0.5 0.25
1.0 0.33 0.5 0.5 0.0 0.0 0.5 0.5 0.2
0.0 0.0 0.5 0.5 0.5 0.5 0.5 0.5 0.5
1.0 0.12 0.5 0.0 1.0 0.5 1.0 0.0 0.08
1.0 0.0 0.5 0.33 0.0 0.5 0.5 0.5 0.08
0.91 0.0 0.5 1.0 1.0 0.5 0.5 0.5 0.5
0.0 0.5 0.5 0.5 0.5 0.0 0.5 0.5 0.0
1.0 0.08 0.5 0.0 0.5 0.0 0.5 1.0 0.12
1.0 0.2 0.5 1.0 0.0 1.0 0.5 0.0 0.0
1.0 0.0 0.5 0.5 1.0 1.0 0.5 0.5 0.17
1.0 0.02 0.0 0.0 0.08 0.2 1.0 0.0 0.03
0.79 0.0 0.5 0.5 0.0 0.0 0.5 0.5 0.0
1.0 0.33 0.5 0.5 1.0 0.5 1.0 0.5 0.33
1.0 1.0 0.5 0.5 0.5 0.5 0.5 0.5 0.0
1.0 0.5 0.5 1.0 0.5 0.0 1.0 0.5 0.5
1.0 1.0 0.5 1.0 0.5 0.5 0.5 1.0 0.5
1.0 0.33 0.5 0.5 0.5 0.5 0.5 0.5 0.33
1.0 1.0 0.5 0.5 0.5 0.5 0.5 0.5 0.5
1.0 0.25 0.5 1.0 0.5 0.0 0.5 1.0 0.2
1.0 0.25 0.5 0.5 0.5 0.5 0.5 0.5 0.5
1.0 0.09 0.5 1.0 0.0 0.2 0.17 0.0 0.12
1.0 1.0 0.5 0.5 0.5 0.5 1.0 0.5 0.25
1.0 0.5 0.12 0.5 0.5 0.5 0.5 0.5 0.5
1.0 0.5 0.5 0.5 0.5 0.5 0.5 0.5 0.5
1.0 0.14 0.5 0.5 1.0 0.5 1.0 1.0 1.0
0.0 1.0 0.5 0.5 0.5 0.5 0.0 0.5 1.0
1.0 0.5 0.25 1.0 0.5 0.5 0.5 0.5 1.0
1.0 0.5 0.5 0.5 1.0 0.5 0.5 0.5 0.5
1.0 0.2 0.5 0.5 0.5 0.5 1.0 0.5 0.0
1.0 0.33 0.5 0.5 0.0 0.0 1.0 0.5 0.33
1.0 0.33 0.5 1.0 0.5 0.5 1.0 0.5 0.33
1.0 0.0 0.11 0.5 1.0 0.0 0.5 0.5 0.0
1.0 1.0 0.5 0.5 0.5 0.5 1.0 0.5 0.33
1.0 0.5 0.0 0.5 0.5 0.5 0.5 1.0 1.0
1.0 0.33 0.5 1.0 0.0 0.0 0.5 0.5 0.14
1.0 0.17 0.25 1.0 0.33 0.5 0.5 0.5 0.14
1.0 0.0 0.33 1.0 0.5 0.5 0.5 0.5 0.2
0.0 0.0 0.5 1.0 0.5 0.5 0.5 0.5 0.5
1.0 0.09 1.0 1.0 0.5 1.0 1.0 0.0 0.17
1.0 1.0 0.5 0.5 0.5 0.5 0.5 0.5 0.5
1.0 0.5 0.5 0.5 0.5 0.0 1.0 0.5 1.0
1.0 0.09 1.0 1.0 0.0 1.0 0.2 0.5 0.17
1.0 0.0 0.5 0.5 0.5 1.0 0.5 0.5 0.33
0.0 0.0 0.5 0.0 0.5 0.5 0.5 0.5 0.5
1.0 0.0 0.33 1.0 0.5 0.5 0.5 0.5 0.5
1.0 0.0 0.5 1.0 0.5 0.5 0.5 0.0 0.33
1.0 0.5 0.05 0.5 1.0 0.5 0.5 0.5 0.33
1.0 1.0 0.5 0.5 0.5 0.5 1.0 0.5 0.33
1.0 0.5 0.5 0.5 0.5 0.0 0.5 0.5 0.5
0.0 0.0 0.5 0.5 0.5 0.25 0.5 0.0 0.5
1.0 1.0 0.33 0.5 0.5 0.5 0.5 0.5 0.25
1.0 0.17 0.5 0.5 0.5 1.0 0.5 0.5 0.17
1.0 0.33 0.0 0.5 0.5 0.5 0.5 0.5 0.17
1.0 0.17 1.0 0.5 0.5 0.5 1.0 0.5 1.0
1.0 1.0 0.5 0.5 0.5 0.5 1.0 0.5 1.0
1.0 0.33 0.5 0.0 0.5 0.5 0.5 0.5 0.0
