690
0	1
2	3	3	5	9
4	5
6	4
7	8
9	8
10	11	3	6	4
12	13
14	15	1	5
16	17
18	19	1	2	5	1	0	5	5	5
20	21
22	23
24	25	2	5
26	27
28	29	9	4
30	31
32	33
34	35
36	37	1	8	8	1	8	8	2	6	5
38	39	1	1	7
40	41
42	43
44	38
45	46
47	48
49	50	1	3	4
51	52
53	54
55	56	5	6	5	6	4	1	0	1	0	8
57	27	5	8
59	60	2	7	2
61	62
63	64
65	66
67	68
69	70
71	72
27	73
74	75
76	77
78	79
80	81	2	4	9	8	7	3	5	3	3	7	4
3	82	2	2	7
83	29
84	85
86	87	1	2	4	1	2	6	1	2	7	1	7	3
88	58
89	90	4
91	92	9	3	9	2	9	3
94	95
96	97	9	7	9	7	9	7	1	3	5	1	3	5	1	3	5	2	6	9
98	99	9	9	9	9	1	4	2	2	2	5
100	101	1	0	1	1	0	1	1	0	1	1	5	0	1	5	0	1	5	0
102	103	1	0	3	2	1	9
104	105
106	38	6	0	3	0	7	3	2	4
107	108	1	0	9
110	111
112	113
58	114
115	114
116	18
118	18
119	120	3	4	1	1	6	7
121	122
123	111
128	129	1	2	9
130	131
132	133
135	136	3	1	2	3	5	4	3	0	8
137	138
139	98
140	141
143	144
145	146
125	146
147	137	1	4	8
149	150
151	152
153	154
155	9
156	157	3	8	4
158	159
160	161	1	6	2
163	164
165	21
148	36	1	6	6
167	168	3	9	8
169	170	2	4	3	2	3	9	3	5	0
171	172
174	9
117	175
176	177	3	0	8
178	179	2	0	4
180	181
182	183
184	185
186	187
188	189	1	9	0
191	24
192	193
194	195
196	195	3	6	7
197	198
50	94	3	2	9
150	199
200	201
202	203
204	205	2	0	6
207	208	2	0	8
209	210	2	1	1
212	169	2	9	7
213	214	2	2	8
215	214
75	216	7	1	2	3	4
217	218
220	221
113	136
222	223
21	224
226	227	2	9	8
229	230
231	232
232	233
218	234
235	218	3	2	5
236	94
237	238
239	240	3	4	8
241	242
243	244
245	121
173	246	2	9	7
247	248
216	250	2	5	0
251	38
252	253	2	5	3
183	235
254	255
256	196	4	0	8
257	258
259	260	2	6	1
262	263	1	7	3
264	117	2	6	5
266	267
268	269
142	62
270	271	2	5	2	3	8	9	7	9	9	5	8	1	6	4	8	8	4	3
272	273
274	275
276	277
278	279	2	7	1
280	191	2	2	9
281	282
283	284
285	286	2	8	6	3	8	9	3	9	8	4	2	5
35	204	5	9
287	288
289	290
291	292
293	289
294	295
296	294
299	300
297	6
301	302	3	9	1
303	304
234	187	5	5
305	306	2	4
246	309	3	1	0
311	312
313	314	1	9	8
315	316	3	1	6
317	318
319	320
250	173	5	9	4	1	0
321	322
323	322	4	0	5
134	326
327	328
271	99	9	9	9	9	1	8	6
330	331	3	3	1
332	333
334	134	3	9	3	3	6	3
335	336
263	337	1	3	6	2	7	5
338	234
339	340	3	5	5
199	135
342	203	3	4	4	4	0	8
343	344	3	4	5
346	10
211	347
349	346	3	2	6	3	2	6
292	351	4	0	5
352	337
225	271
356	344
357	328
122	3	1	7	6
358	305
359	360	3	6	1
362	265
363	267
360	361	3	4	3
365	229
366	203
368	369
370	43
371	372
267	373
273	5
375	144	4	0	9
376	377	3	9	3
378	233
312	62
379	380
381	382	3	5	4	3	6	3
383	139
384	360
353	243
195	385
269	93
386	387
388	326	3	2	6
389	325	1	9	9	4	9	9	9
390	301	3	9	2	3	9	8	3	2	7
344	276
320	119
298	147
394	395
377	396	2	2	8	4	0	7
62	397	3	9	7
399	400	8	7
397	350
308	285	2	6	0	2	6	0
369	400
187	229
401	147
402	45
403	404
108	123	2	2	9	2	6	5	4	1	0
406	67
364	329
408	409
124	30
373	313
409	404
392	384
131	410
329	208
411	373	2	3	4
412	413
361	172	1	6	6
265	356
295	414
198	363	3	2	5
415	49
416	284
328	408
325	336	1	7
417	418
419	353
374	349
99	420	3	9	8
420	415
70	30
56	421	8	7
422	423
350	87
421	167
424	176	4	2	6	3	2	7
413	214	4	1	0
286	319
426	398
427	425
425	166
428	306	3	0	6	4	1	3
326	424	1	0	8	3	7	4	5	5
410	306
429	430
208	349	3	0	1
430	167
431	432	4	6	4	6	1	8	6	9	7
433	434
435	436	4	8	9	4	8	9
437	438
439	440
441	442
443	444
445	446
447	448
449	450
451	452
453	454
455	456
457	458
459	460	8	1	1
461	462
463	464
465	466
467	468	6	8	8
469	470
464	471	4	8	5
472	473
474	475
476	477	4	7	8
479	480
481	482
483	484	4	6	8	4	3	8	4	9	5
485	486
487	488
490	491
492	466
493	494	4	9	5	4	8	0
496	497
498	433
499	500	5	0	1
502	503
504	505
506	507	4	7	7	4	7	7
508	509
510	511	8	0	5
512	513	7	9	3
514	474
515	440
516	517
482	518	6	5	1
519	520
521	522
523	524
525	526
527	528	8	2	3
529	530
531	453	5	3	2
500	533	5	3	3
534	535	5	3	3
536	537
538	539	5	4	0
541	542	6	3	5	6	3	5
543	544
545	546	6	1	6
547	548	6	7	1	7	9	4
549	550
551	552	4	8	7	8	4	4
553	554	7	6	7
528	555
454	556
557	558	5	5	9
560	561	4	8	2
562	563
564	565
566	567
568	569
570	571	7	1	9	8	1	5
572	573
574	575
576	475
577	578	7	8	1	8	2	4
579	516
580	581
582	583	6	3	9
584	501	8	4	9
585	480	6	5	8	7	5	1
586	587
588	589
590	591	7	6	5
592	593
594	487
595	596
597	598
599	600
601	602
603	604
605	606	5	7	4	6	8	2
607	608
609	485
610	518
611	612	7	4	2	7	4	3
613	606	7	0	6	7	0	7
440	614	6	5	4	6	1	6	7	1	5	7	3	2	5	1	3
615	616
617	563	6	6	7	6	7	3
619	620
621	622
623	563
539	453	5	3	2
624	625	6	0	6
626	627	6	2	8	6	3	7
629	610
630	446	6	9	6	6	9	6
631	632
633	634
636	637
638	606	5	8	8	7	1	4	7	9	7
640	582	4	4	5	7	2	4
641	642	5	7	1	7	6	6
643	644	6	5	5	7	5	3	7	2	5
645	473
550	646
647	648
649	650
652	653
656	657	6	5	7
659	660	5	6	2
661	489
662	663	5	3	4
664	665	7	7	1	8	4	0	6	2	8	6	5	0
666	667
668	576
556	614
669	670	6	2	0	5	2	4
672	673
674	465	8	4	5
675	676
677	678
679	680
681	598
682	683	7	2	3	7	3	7
526	524	6	1	1	7	7	0
635	684	6	8	6	7	8	4
685	686	8	3	2
552	687
689	671
690	691
692	440	8	1	3
693	694
695	482
698	503	6	9	9
700	701
702	703
704	705
708	709	5	1	9	5	1	9
438	698	7	8	2
710	711
712	708
713	714
687	716
684	717
718	452	4	5	2
719	524
495	720
673	595
721	722
725	726	4	4	0
727	728
729	730
581	731	7	2	5
732	559	6	9	9	8	3	0	6	8	0	8	0	6
733	734	7	3	4	5	8	4	8	5	7	8	0	6	8	0	6
735	736	8	5	0
627	684
738	739	8	1	4
740	741	8	1	5	8	4	0
744	676	4	5	4	8	3	7
489	745
746	747	8	4	9
748	749	7	3	3
750	442
752	716
754	755
756	757
758	759
760	761
762	763	7	3	3	8	4	5	8	4	5	8	0	6	8	0	6
764	605
458	767
768	767
766	718
701	732	4	5	7	8	1	6
707	769	8	1	1
770	620
771	706
772	549
773	774	8	4	1
775	776
777	555
778	692
779	780
782	619
507	440	7	1	2	4	7	2
783	432
785	786	8	3	0
787	788	8	1	0
789	513
790	649
791	792	7	9	7	8	3	7
795	796	7	9	7
683	504
648	798
591	799
800	801
802	803
546	804	7	2	6
513	805
806	726	5	1	5	7	8	2
807	808
809	810
722	787
812	620	7	7	8
616	654
728	647	4	8	5
678	567	8	5	1
784	567
646	614	8	3	5	8	4	2
814	526
815	786	8	3	7
786	705
767	473	5	5	1	8	1	8	8	2	7	8	0	6
817	691	8	3	5	6	9	1	7	9	7
667	483	7	4	5
819	668
691	820
703	821
705	805
822	686
824	825	8	3	4	8	4	4
820	796
573	726
720	826
567	791
810	526
828	549
829	637	8	3	1
811	828
726	707
522	553	5	5	3
833	832	8	3	2	8	1	1
823	472	4	8	3
836	648
837	804
797	674
838	533
839	807
843	844	6	5	5	7	2	5
830	828	8	4	6
847	848
849	822	8	3	4
850	454	7	2	8
851	819	8	4	9
845	852
853	814
827	843
799	814	6	4	6	7	2	5
844	744	5	7	7
854	628	8	5	6	8	5	6
840	855
852	845
858	859
860	861
862	863	8	6	4
865	862	9	0	6
866	867
868	869	8	6	2	9	3	1
870	871
872	873	8	6	8
874	875
876	877
878	879	8	7	9
880	881
882	883
884	885
886	881
887	888	8	8	8	8	8	8
869	889
890	891	9	0	5
892	893
894	895
896	897	9	4	3
898	899	9	1	6
900	901	8	8	5	9	0	5
902	903
904	905
906	907	9	1	1	9	1	6
908	905
909	896	8	7	3
910	911
879	912
912	911
913	885
914	915	9	3	2	9	0	5
917	895	9	3	9
918	867
864	900	9	4	5
919	873
915	920
921	922
923	922
924	925	8	9	3
867	922
926	927	9	2	5
928	865	8	6	5	8	6	5	8	6	5	8	6	5
929	930
877	879	9	2	9	9	4	1
933	934	9	3	5	8	6	2
936	937	9	3	0
938	864	8	6	5
939	871
901	912
940	935
941	942
930	944	9	3	3
946	947
948	949
950	949
951	905
943	949	9	0	1
952	942
949	933
935	953
954	955
905	956	9	5	6	9	5	8
956	957
957	928
958	938	9	0	5	9	0	5
942	905
947	914	9	5	1
959	960	9	6	1	1	0	1	5
962	963	9	7	6
964	965
966	967	1	0	4	2
968	969
970	971	1	0	2	6
972	973
974	975
977	978	9	7	9
980	981
982	983	9	8	3
971	984
985	986
987	988
989	990
991	992	1	0	3	0
993	994	1	0	0	2	9	7	8	1	0	1	1
992	994
995	996	1	0	1	5
997	998
999	1000
1001	963
1003	1004
1005	963
1006	960	1	0	0	7
979	998
1008	1009	1	0	0	9
1010	1005
1011	1012	1	0	0	4	1	0	5	5	1	0	5	5
1013	1014
981	984
1016	1017	1	0	5	8
1018	964
1019	1020
1014	1021
1022	1023
1017	1024	1	0	2	5
1027	974
1028	1029	1	0	1	2
1007	978
1030	1031
1032	1033	1	0	3	8
1034	1027	1	0	3	7
1035	1036	9	6	0
960	1037	1	0	5	2
1039	1040
967	1031	1	0	4	0
1041	996	1	0	5	0
1043	1026	1	0	5	2
1042	1044
996	1045
1020	1046	1	0	3	6
1012	1047
1048	1049
1050	1047	1	0	4	7
1047	1051
1051	963
1053	1054
978	1015
1040	1056	1	0	3	6
1057	1058	1	0	3	3
1059	1045
1060	1046
1036	995
1033	1061	1	0	6	1
1054	1009
1058	995	9	9	5	1	0	6	5
1052	1056
1062	995	9	9	5
1063	1025	1	0	6	4
1064	1058	1	0	6	5
1065	1062	1	0	5	8
